9 2 2 6
14 2 1 5
18 4 2 10
18 7 0 4
19 3 1 10
24 1 0 8
18 3 0 6
15 8 2 10
24 11 2 5
21 10 0 9
10 2 0 3
17 4 1 4
22 1 0 7
21 7 4 9
7 5 4 8
13 4 0 3
24 6 0 4
24 7 3 9
24 6 2 8
25 6 1 2
11 2 3 6
10 4 2 8
18 3 1 9
14 10 0 6
15 5 0 7
14 1 1 3
16 7 2 3
13 5 2 3
19 4 1 7
19 2 0 5
14 3 0 4
17 1 0 8
21 7 0 7
18 6 0 5
13 3 0 4
14 1 3 3
19 1 0 5
12 10 1 4
21 2 0 5
20 9 3 7
9 1 0 1
16 3 3 3
17 9 0 7
16 6 1 3
22 11 1 3
18 6 0 2
19 4 1 6
14 5 0 5
16 4 0 4
16 6 3 6
10 6 0 6
22 6 2 10
23 6 0 4
16 7 1 0
21 6 0 9
20 1 0 7
16 6 1 7
5 1 0 3
21 1 2 7
18 1 1 1
7 3 0 4
13 2 0 7
17 11 0 6
21 4 0 4
20 1 0 6
16 8 1 7
16 6 2 8
17 0 0 5
19 6 1 7
19 1 0 2
5 3 0 8
16 4 2 8
16 0 0 5
17 5 0 5
13 10 0 7
9 1 0 4
14 4 2 3
19 5 0 4
19 5 1 7
15 0 1 3
10 7 0 8
17 2 0 5
14 4 1 2
16 4 0 7
20 6 2 9
14 13 0 8
17 0 0 4
8 7 0 6
16 2 4 6
22 7 0 3
7 3 0 2
15 5 3 6
19 7 3 11
21 5 0 3
18 8 0 5
17 6 0 0
18 6 0 3
21 2 0 7
14 6 0 5
11 4 0 7
16 2 0 3
19 1 0 3
18 6 3 8
19 9 1 8
29 11 0 3
18 4 0 5
19 2 3 6
15 5 0 7
21 8 1 9
28 6 0 2
9 3 0 3
16 7 3 4
18 6 2 5
18 7 2 7
23 2 2 5
25 9 1 7
13 6 0 4
10 6 2 7
18 4 3 3
12 5 0 2
