41 27 1 12
60 13 6 16
119 7 6 15
110 28 9 32
83 40 13 51
69 38 4 24
77 31 20 38
86 27 21 33
109 35 2 41
86 36 8 29
63 21 7 23
115 28 7 26
109 32 6 35
90 21 14 29
100 21 3 15
97 18 5 23
99 13 4 21
97 17 2 17
102 32 9 43
100 36 8 22
66 17 4 15
86 23 4 20
101 20 5 26
95 21 1 30
94 24 6 25
108 18 5 15
92 23 4 13
84 16 10 22
103 21 7 23
103 23 4 25
96 9 2 17
90 20 4 21
93 27 2 31
98 20 5 25
100 21 6 30
105 23 10 26
100 22 7 27
102 20 5 28
86 18 3 28
84 27 3 29
81 8 3 19
88 16 8 24
112 27 4 27
76 9 3 17
105 23 4 35
111 26 2 22
104 27 5 41
110 28 2 27
118 31 7 30
89 15 8 37
97 16 1 14
103 26 6 19
99 31 8 28
92 16 5 38
105 23 1 22
105 20 9 29
91 49 14 32
90 41 2 31
108 28 7 24
88 33 4 16
59 8 1 13
85 26 6 23
87 26 4 29
90 20 9 34
100 22 8 31
77 27 6 26
79 28 7 24
62 11 6 20
77 24 1 20
99 14 4 26
91 12 4 19
99 16 10 28
96 8 2 19
91 21 0 13
96 23 10 35
89 26 2 17
90 25 4 21
86 35 6 28
105 35 4 20
84 17 3 29
84 12 0 6
88 12 1 15
96 20 5 23
93 27 3 26
91 21 2 30
93 14 3 17
89 24 5 24
108 12 4 23
94 26 6 25
94 31 10 20
71 16 4 20
87 15 5 32
89 15 1 19
76 17 2 14
77 21 6 21
94 17 1 16
86 21 0 20
84 16 2 23
102 15 0 16
88 20 2 27
72 17 8 14
104 32 7 26
104 23 8 27
90 19 7 32
107 31 5 20
123 18 3 14
121 16 6 14
115 28 4 24
102 24 4 16
110 18 11 20
73 18 3 9
95 19 0 24
108 27 0 11
96 19 1 20
104 23 12 28
119 24 7 30
85 17 5 30
95 21 7 24
91 24 1 23
93 24 4 16
