4 4 0 1
6 7 0 2
8 7 0 0
9 3 0 1
9 12 2 1
12 5 1 2
12 11 1 1
10 7 3 1
15 15 2 5
15 10 2 0
11 7 1 1
10 14 0 2
12 11 1 3
15 13 5 4
16 11 1 4
13 15 2 3
12 6 2 3
11 11 0 0
15 5 2 5
16 13 3 2
7 2 0 0
8 8 1 2
11 14 2 4
11 9 0 6
13 4 2 8
13 21 1 6
16 11 3 3
13 8 1 3
13 10 0 9
14 10 0 4
10 7 1 2
8 9 0 3
9 7 1 8
7 8 1 3
7 10 1 3
7 8 0 4
10 11 4 3
10 9 1 3
11 12 6 0
11 15 2 3
6 3 0 0
8 5 2 2
9 6 1 0
10 8 0 0
8 8 2 0
13 13 2 0
13 11 0 3
14 9 1 6
15 8 2 5
14 6 2 2
6 3 0 2
11 5 1 1
13 10 0 3
15 12 5 7
14 9 1 1
15 9 2 6
15 11 4 5
19 15 5 3
17 3 3 1
12 4 0 0
4 1 0 1
9 3 0 1
12 6 1 5
17 13 1 1
17 15 1 5
19 12 9 4
18 11 2 2
16 11 0 0
14 9 1 2
21 13 2 1
15 7 3 2
12 4 1 3
13 10 1 2
16 6 0 1
16 9 3 2
17 10 1 1
13 6 2 2
20 13 0 3
21 12 0 1
18 10 3 3
10 1 0 2
12 2 0 0
12 7 0 1
10 6 4 1
10 8 2 1
13 9 4 0
16 5 1 6
21 14 1 4
19 12 2 4
18 9 4 5
7 2 0 0
10 6 1 2
10 10 3 3
12 12 2 3
13 10 2 0
20 13 6 1
18 8 2 4
14 13 5 6
17 20 0 5
23 14 7 0
7 5 0 0
8 6 0 0
12 11 3 0
12 11 0 1
13 12 1 3
14 14 1 0
13 16 3 4
14 13 1 4
14 11 1 2
12 9 3 2
13 2 0 0
12 6 3 1
13 6 1 0
20 15 2 1
14 16 2 2
15 13 1 0
13 13 1 0
17 16 1 5
17 16 4 0
16 16 3 1
