50 18 3 5
99 37 1 2
84 26 1 2
67 19 6 1
69 36 1 4
96 42 0 2
86 47 0 1
58 18 1 3
62 25 2 1
72 27 2 1
39 18 4 3
55 27 6 3
82 24 0 1
104 22 4 7
77 42 0 2
70 21 3 3
76 19 3 2
79 38 2 1
101 42 1 3
86 29 1 4
76 22 3 5
84 24 1 1
65 30 0 1
52 28 12 6
54 32 4 8
85 30 6 3
76 40 1 3
57 32 4 2
53 29 5 2
75 14 7 3
53 27 1 5
58 34 2 1
84 38 1 1
104 23 6 4
101 31 3 12
86 36 1 4
82 22 3 1
106 29 2 2
110 26 2 1
57 25 0 1
51 25 1 7
74 36 4 3
93 24 0 2
78 29 0 4
88 36 3 2
101 38 0 2
103 28 1 1
108 37 7 3
95 50 0 1
81 33 1 6
67 33 1 1
101 22 0 1
99 46 2 4
106 39 5 4
91 27 4 1
117 36 1 4
107 44 2 3
99 53 7 2
88 39 4 2
99 32 6 4
25 5 2 1
47 13 0 2
57 17 1 2
74 15 1 1
64 17 5 1
100 15 1 1
85 27 1 4
74 28 2 1
79 24 1 2
59 18 1 2
100 33 1 3
115 38 2 7
112 49 8 3
112 47 9 3
130 35 1 1
108 27 1 1
108 35 1 4
99 46 1 3
106 54 1 3
106 25 3 12
70 33 4 2
85 51 10 3
98 34 3 2
133 28 4 2
113 40 2 3
105 47 4 3
136 51 1 1
115 25 2 1
111 37 10 4
112 39 1 3
75 35 1 1
90 36 5 5
80 33 4 3
91 52 4 3
127 48 4 3
114 41 7 6
92 41 3 1
80 30 4 3
89 28 1 1
97 20 1 2
56 32 1 4
87 28 6 6
94 39 8 6
79 32 2 2
74 34 1 1
67 31 1 1
89 41 1 1
95 46 3 1
88 38 5 3
78 20 7 6
45 7 2 2
41 12 1 1
68 20 2 1
75 18 2 1
64 8 1 1
48 17 3 4
32 22 5 8
75 32 1 1
68 26 1 1
69 26 1 1
74 38 4 2
98 40 2 1
91 35 4 3
71 36 4 3
102 37 5 3
102 24 1 1
102 36 1 1
92 39 12 3
82 38 4 2
60 28 6 4
