45 11 0 0
55 21 0 1
53 26 0 2
46 18 0 4
43 17 4 3
43 23 0 2
59 12 0 1
52 18 0 1
36 15 0 2
30 19 0 2
32 11 0 3
26 18 0 0
43 21 4 3
39 24 0 3
39 19 0 0
42 14 0 5
31 14 0 4
27 14 0 8
38 14 0 8
24 17 0 3
26 10 1 5
32 18 2 3
33 17 0 0
25 22 0 0
32 20 0 2
34 22 4 1
48 23 0 2
49 23 0 5
44 25 0 8
42 25 0 3
37 14 0 5
51 16 0 6
52 14 0 3
49 18 0 5
37 14 0 1
53 13 1 1
36 18 0 8
34 16 2 1
51 17 0 1
41 17 0 2
36 17 0 2
45 19 0 4
46 16 1 4
45 21 1 5
42 25 0 10
50 20 0 1
41 19 0 5
43 26 0 2
45 21 4 7
49 26 0 2
34 10 0 1
41 18 0 1
56 18 0 2
49 25 0 0
42 20 0 2
50 28 0 2
71 25 3 4
57 20 2 1
53 20 0 0
57 19 0 1
53 14 0 0
57 19 0 1
69 24 0 1
64 24 0 3
67 26 0 1
59 29 1 0
63 28 0 0
58 24 1 2
51 16 0 1
46 13 0 2
51 17 0 2
54 16 0 1
47 11 0 1
42 19 0 1
51 19 0 0
56 14 2 2
52 17 0 2
47 23 1 2
37 17 0 1
45 21 0 0
43 9 0 0
46 19 0 1
45 13 0 2
46 20 0 2
51 19 0 2
40 21 0 0
55 15 0 0
63 17 0 1
54 19 0 6
35 22 1 3
36 15 1 2
47 17 2 3
48 30 0 7
30 23 0 0
61 20 0 1
34 24 0 1
40 28 1 0
43 28 0 1
48 27 0 0
43 18 0 0
34 17 1 2
51 20 3 3
38 16 0 1
42 22 0 4
47 26 0 0
33 19 0 4
41 25 0 9
38 22 0 5
36 23 2 4
36 20 0 3
