268 56 3 2
316 79 0 4
268 59 0 5
245 55 0 7
189 59 0 5
228 62 0 5
263 60 0 1
319 55 0 3
297 55 3 4
250 67 1 4
29 10 0 1
268 56 3 2
316 79 0 4
268 59 0 5
245 55 0 7
189 59 0 5
228 62 0 5
263 60 0 1
319 55 0 3
297 55 3 4
250 67 1 4
29 10 0 1
268 56 3 2
316 79 0 4
268 59 0 5
245 55 0 7
189 59 0 5
228 62 0 5
263 60 0 1
319 55 0 3
297 55 3 4
250 67 1 4
29 10 0 1
268 56 3 2
316 79 0 4
268 59 0 5
245 55 0 7
189 59 0 5
228 62 0 5
263 60 0 1
319 55 0 3
297 55 3 4
250 67 1 4
29 10 0 1
268 56 3 2
316 79 0 4
268 59 0 5
245 55 0 7
189 59 0 5
228 62 0 5
263 60 0 1
319 55 0 3
297 55 3 4
250 67 1 4
29 10 0 1
268 56 3 2
316 79 0 4
268 59 0 5
245 55 0 7
189 59 0 5
228 62 0 5
263 60 0 1
319 55 0 3
297 55 3 4
250 67 1 4
29 10 0 1
268 56 3 2
316 79 0 4
268 59 0 5
245 55 0 7
189 59 0 5
228 62 0 5
263 60 0 1
319 55 0 3
297 55 3 4
250 67 1 4
29 10 0 1
268 56 3 2
316 79 0 4
268 59 0 5
245 55 0 7
189 59 0 5
228 62 0 5
263 60 0 1
319 55 0 3
297 55 3 4
250 67 1 4
29 10 0 1
268 56 3 2
316 79 0 4
268 59 0 5
245 55 0 7
189 59 0 5
228 62 0 5
263 60 0 1
319 55 0 3
297 55 3 4
250 67 1 4
29 10 0 1
268 56 3 2
316 79 0 4
268 59 0 5
245 55 0 7
189 59 0 5
228 62 0 5
263 60 0 1
319 55 0 3
297 55 3 4
250 67 1 4
29 10 0 1
268 56 3 2
316 79 0 4
268 59 0 5
245 55 0 7
189 59 0 5
228 62 0 5
263 60 0 1
319 55 0 3
297 55 3 4
250 67 1 4