253 87 21 14
316 114 19 12
243 81 26 14
306 114 12 15
391 94 24 13
229 103 24 22
222 80 20 13
292 99 25 17
436 85 15 13
383 96 18 12
42 18 2 3
253 87 21 14
316 114 19 12
243 81 26 14
306 114 12 15
391 94 24 13
229 103 24 22
222 80 20 13
292 99 25 17
436 85 15 13
383 96 18 12
42 18 2 3
253 87 21 14
316 114 19 12
243 81 26 14
306 114 12 15
391 94 24 13
229 103 24 22
222 80 20 13
292 99 25 17
436 85 15 13
383 96 18 12
42 18 2 3
253 87 21 14
316 114 19 12
243 81 26 14
306 114 12 15
391 94 24 13
229 103 24 22
222 80 20 13
292 99 25 17
436 85 15 13
383 96 18 12
42 18 2 3
253 87 21 14
316 114 19 12
243 81 26 14
306 114 12 15
391 94 24 13
229 103 24 22
222 80 20 13
292 99 25 17
436 85 15 13
383 96 18 12
42 18 2 3
253 87 21 14
316 114 19 12
243 81 26 14
306 114 12 15
391 94 24 13
229 103 24 22
222 80 20 13
292 99 25 17
436 85 15 13
383 96 18 12
42 18 2 3
253 87 21 14
316 114 19 12
243 81 26 14
306 114 12 15
391 94 24 13
229 103 24 22
222 80 20 13
292 99 25 17
436 85 15 13
383 96 18 12
42 18 2 3
253 87 21 14
316 114 19 12
243 81 26 14
306 114 12 15
391 94 24 13
229 103 24 22
222 80 20 13
292 99 25 17
436 85 15 13
383 96 18 12
42 18 2 3
253 87 21 14
316 114 19 12
243 81 26 14
306 114 12 15
391 94 24 13
229 103 24 22
222 80 20 13
292 99 25 17
436 85 15 13
383 96 18 12
42 18 2 3
253 87 21 14
316 114 19 12
243 81 26 14
306 114 12 15
391 94 24 13
229 103 24 22
222 80 20 13
292 99 25 17
436 85 15 13
383 96 18 12
42 18 2 3
253 87 21 14
316 114 19 12
243 81 26 14
306 114 12 15
391 94 24 13
229 103 24 22
222 80 20 13
292 99 25 17
436 85 15 13
383 96 18 12