19 4 1 3
48 13 1 2
13 2 0 0
14 0 0 0
7 0 0 0
15 0 0 0
45 12 0 2
20 10 0 0
8 2 0 1
14 10 0 2
19 4 1 3
48 13 1 2
13 2 0 0
14 0 0 0
7 0 0 0
15 0 0 0
45 12 0 2
20 10 0 0
8 2 0 1
14 10 0 2
19 4 1 3
48 13 1 2
13 2 0 0
14 0 0 0
7 0 0 0
15 0 0 0
45 12 0 2
20 10 0 0
8 2 0 1
14 10 0 2
19 4 1 3
48 13 1 2
13 2 0 0
14 0 0 0
7 0 0 0
15 0 0 0
45 12 0 2
20 10 0 0
8 2 0 1
14 10 0 2
19 4 1 3
48 13 1 2
13 2 0 0
14 0 0 0
7 0 0 0
15 0 0 0
45 12 0 2
20 10 0 0
8 2 0 1
14 10 0 2
19 4 1 3
48 13 1 2
13 2 0 0
14 0 0 0
7 0 0 0
15 0 0 0
45 12 0 2
20 10 0 0
8 2 0 1
14 10 0 2
19 4 1 3
48 13 1 2
13 2 0 0
14 0 0 0
7 0 0 0
15 0 0 0
45 12 0 2
20 10 0 0
8 2 0 1
14 10 0 2
19 4 1 3
48 13 1 2
13 2 0 0
14 0 0 0
7 0 0 0
15 0 0 0
45 12 0 2
20 10 0 0
8 2 0 1
14 10 0 2
19 4 1 3
48 13 1 2
13 2 0 0
14 0 0 0
7 0 0 0
15 0 0 0
45 12 0 2
20 10 0 0
8 2 0 1
14 10 0 2
19 4 1 3
48 13 1 2
13 2 0 0
14 0 0 0
7 0 0 0
15 0 0 0
45 12 0 2
20 10 0 0
8 2 0 1
14 10 0 2
19 4 1 3
48 13 1 2
13 2 0 0
14 0 0 0
7 0 0 0
15 0 0 0
45 12 0 2
20 10 0 0
8 2 0 1
14 10 0 2
19 4 1 3
48 13 1 2
13 2 0 0
14 0 0 0
7 0 0 0
15 0 0 0
45 12 0 2
20 10 0 0
8 2 0 1
14 10 0 2