41 6 0 0
36 3 0 1
25 2 0 1
11 1 0 0
36 7 0 0
53 6 0 0
32 7 0 0
25 9 0 0
30 6 0 0
23 3 0 1
41 6 0 0
36 3 0 1
25 2 0 1
11 1 0 0
36 7 0 0
53 6 0 0
32 7 0 0
25 9 0 0
30 6 0 0
23 3 0 1
41 6 0 0
36 3 0 1
25 2 0 1
11 1 0 0
36 7 0 0
53 6 0 0
32 7 0 0
25 9 0 0
30 6 0 0
23 3 0 1
41 6 0 0
36 3 0 1
25 2 0 1
11 1 0 0
36 7 0 0
53 6 0 0
32 7 0 0
25 9 0 0
30 6 0 0
23 3 0 1
41 6 0 0
36 3 0 1
25 2 0 1
11 1 0 0
36 7 0 0
53 6 0 0
32 7 0 0
25 9 0 0
30 6 0 0
23 3 0 1
41 6 0 0
36 3 0 1
25 2 0 1
11 1 0 0
36 7 0 0
53 6 0 0
32 7 0 0
25 9 0 0
30 6 0 0
23 3 0 1
41 6 0 0
36 3 0 1
25 2 0 1
11 1 0 0
36 7 0 0
53 6 0 0
32 7 0 0
25 9 0 0
30 6 0 0
23 3 0 1
41 6 0 0
36 3 0 1
25 2 0 1
11 1 0 0
36 7 0 0
53 6 0 0
32 7 0 0
25 9 0 0
30 6 0 0
23 3 0 1
41 6 0 0
36 3 0 1
25 2 0 1
11 1 0 0
36 7 0 0
53 6 0 0
32 7 0 0
25 9 0 0
30 6 0 0
23 3 0 1
41 6 0 0
36 3 0 1
25 2 0 1
11 1 0 0
36 7 0 0
53 6 0 0
32 7 0 0
25 9 0 0
30 6 0 0
23 3 0 1
41 6 0 0
36 3 0 1
25 2 0 1
11 1 0 0
36 7 0 0
53 6 0 0
32 7 0 0
25 9 0 0
30 6 0 0
23 3 0 1
41 6 0 0
36 3 0 1
25 2 0 1
11 1 0 0
36 7 0 0
53 6 0 0
32 7 0 0
25 9 0 0
30 6 0 0
23 3 0 1