52 21 2 3
37 8 1 0
40 11 0 2
22 14 0 9
25 18 1 3
29 22 4 10
36 13 1 3
23 8 0 7
36 10 2 2
25 12 1 4
52 21 2 3
37 8 1 0
40 11 0 2
22 14 0 9
25 18 1 3
29 22 4 10
36 13 1 3
23 8 0 7
36 10 2 2
25 12 1 4
52 21 2 3
37 8 1 0
40 11 0 2
22 14 0 9
25 18 1 3
29 22 4 10
36 13 1 3
23 8 0 7
36 10 2 2
25 12 1 4
52 21 2 3
37 8 1 0
40 11 0 2
22 14 0 9
25 18 1 3
29 22 4 10
36 13 1 3
23 8 0 7
36 10 2 2
25 12 1 4
52 21 2 3
37 8 1 0
40 11 0 2
22 14 0 9
25 18 1 3
29 22 4 10
36 13 1 3
23 8 0 7
36 10 2 2
25 12 1 4
52 21 2 3
37 8 1 0
40 11 0 2
22 14 0 9
25 18 1 3
29 22 4 10
36 13 1 3
23 8 0 7
36 10 2 2
25 12 1 4
52 21 2 3
37 8 1 0
40 11 0 2
22 14 0 9
25 18 1 3
29 22 4 10
36 13 1 3
23 8 0 7
36 10 2 2
25 12 1 4
52 21 2 3
37 8 1 0
40 11 0 2
22 14 0 9
25 18 1 3
29 22 4 10
36 13 1 3
23 8 0 7
36 10 2 2
25 12 1 4
52 21 2 3
37 8 1 0
40 11 0 2
22 14 0 9
25 18 1 3
29 22 4 10
36 13 1 3
23 8 0 7
36 10 2 2
25 12 1 4
52 21 2 3
37 8 1 0
40 11 0 2
22 14 0 9
25 18 1 3
29 22 4 10
36 13 1 3
23 8 0 7
36 10 2 2
25 12 1 4
52 21 2 3
37 8 1 0
40 11 0 2
22 14 0 9
25 18 1 3
29 22 4 10
36 13 1 3
23 8 0 7
36 10 2 2
25 12 1 4
52 21 2 3
37 8 1 0
40 11 0 2
22 14 0 9
25 18 1 3
29 22 4 10
36 13 1 3
23 8 0 7
36 10 2 2
25 12 1 4