4 4 4 0
18 4 6 3
13 6 5 0
10 2 5 0
25 3 6 0
20 11 5 0
14 7 5 0
22 5 6 5
7 0 4 0
24 0 5 0
4 4 4 0
18 4 6 3
13 6 5 0
10 2 5 0
25 3 6 0
20 11 5 0
14 7 5 0
22 5 6 5
7 0 4 0
24 0 5 0
4 4 4 0
18 4 6 3
13 6 5 0
10 2 5 0
25 3 6 0
20 11 5 0
14 7 5 0
22 5 6 5
7 0 4 0
24 0 5 0
4 4 4 0
18 4 6 3
13 6 5 0
10 2 5 0
25 3 6 0
20 11 5 0
14 7 5 0
22 5 6 5
7 0 4 0
24 0 5 0
4 4 4 0
18 4 6 3
13 6 5 0
10 2 5 0
25 3 6 0
20 11 5 0
14 7 5 0
22 5 6 5
7 0 4 0
24 0 5 0
4 4 4 0
18 4 6 3
13 6 5 0
10 2 5 0
25 3 6 0
20 11 5 0
14 7 5 0
22 5 6 5
7 0 4 0
24 0 5 0
4 4 4 0
18 4 6 3
13 6 5 0
10 2 5 0
25 3 6 0
20 11 5 0
14 7 5 0
22 5 6 5
7 0 4 0
24 0 5 0
4 4 4 0
18 4 6 3
13 6 5 0
10 2 5 0
25 3 6 0
20 11 5 0
14 7 5 0
22 5 6 5
7 0 4 0
24 0 5 0
4 4 4 0
18 4 6 3
13 6 5 0
10 2 5 0
25 3 6 0
20 11 5 0
14 7 5 0
22 5 6 5
7 0 4 0
24 0 5 0
4 4 4 0
18 4 6 3
13 6 5 0
10 2 5 0
25 3 6 0
20 11 5 0
14 7 5 0
22 5 6 5
7 0 4 0
24 0 5 0
4 4 4 0
18 4 6 3
13 6 5 0
10 2 5 0
25 3 6 0
20 11 5 0
14 7 5 0
22 5 6 5
7 0 4 0
24 0 5 0
4 4 4 0
18 4 6 3
13 6 5 0
10 2 5 0
25 3 6 0
20 11 5 0
14 7 5 0
22 5 6 5
7 0 4 0
24 0 5 0