46 5 0 0
59 9 0 0
88 8 1 1
86 6 0 0
60 7 1 2
73 10 0 1
86 9 0 0
72 8 3 0
84 8 3 4
65 15 1 3
46 5 0 0
59 9 0 0
88 8 1 1
86 6 0 0
60 7 1 2
73 10 0 1
86 9 0 0
72 8 3 0
84 8 3 4
65 15 1 3
46 5 0 0
59 9 0 0
88 8 1 1
86 6 0 0
60 7 1 2
73 10 0 1
86 9 0 0
72 8 3 0
84 8 3 4
65 15 1 3
46 5 0 0
59 9 0 0
88 8 1 1
86 6 0 0
60 7 1 2
73 10 0 1
86 9 0 0
72 8 3 0
84 8 3 4
65 15 1 3
46 5 0 0
59 9 0 0
88 8 1 1
86 6 0 0
60 7 1 2
73 10 0 1
86 9 0 0
72 8 3 0
84 8 3 4
65 15 1 3
46 5 0 0
59 9 0 0
88 8 1 1
86 6 0 0
60 7 1 2
73 10 0 1
86 9 0 0
72 8 3 0
84 8 3 4
65 15 1 3
46 5 0 0
59 9 0 0
88 8 1 1
86 6 0 0
60 7 1 2
73 10 0 1
86 9 0 0
72 8 3 0
84 8 3 4
65 15 1 3
46 5 0 0
59 9 0 0
88 8 1 1
86 6 0 0
60 7 1 2
73 10 0 1
86 9 0 0
72 8 3 0
84 8 3 4
65 15 1 3
46 5 0 0
59 9 0 0
88 8 1 1
86 6 0 0
60 7 1 2
73 10 0 1
86 9 0 0
72 8 3 0
84 8 3 4
65 15 1 3
46 5 0 0
59 9 0 0
88 8 1 1
86 6 0 0
60 7 1 2
73 10 0 1
86 9 0 0
72 8 3 0
84 8 3 4
65 15 1 3
46 5 0 0
59 9 0 0
88 8 1 1
86 6 0 0
60 7 1 2
73 10 0 1
86 9 0 0
72 8 3 0
84 8 3 4
65 15 1 3
46 5 0 0
59 9 0 0
88 8 1 1
86 6 0 0
60 7 1 2
73 10 0 1
86 9 0 0
72 8 3 0
84 8 3 4
65 15 1 3