449 46 15 11
387 58 20 18
628 46 7 13
577 92 6 27
395 48 9 16
522 53 0 2
323 83 10 8
478 79 22 15
621 61 14 22
369 71 12 13
449 46 15 11
387 58 20 18
628 46 7 13
577 92 6 27
395 48 9 16
522 53 0 2
323 83 10 8
478 79 22 15
621 61 14 22
369 71 12 13
449 46 15 11
387 58 20 18
628 46 7 13
577 92 6 27
395 48 9 16
522 53 0 2
323 83 10 8
478 79 22 15
621 61 14 22
369 71 12 13
449 46 15 11
387 58 20 18
628 46 7 13
577 92 6 27
395 48 9 16
522 53 0 2
323 83 10 8
478 79 22 15
621 61 14 22
369 71 12 13
449 46 15 11
387 58 20 18
628 46 7 13
577 92 6 27
395 48 9 16
522 53 0 2
323 83 10 8
478 79 22 15
621 61 14 22
369 71 12 13
449 46 15 11
387 58 20 18
628 46 7 13
577 92 6 27
395 48 9 16
522 53 0 2
323 83 10 8
478 79 22 15
621 61 14 22
369 71 12 13
449 46 15 11
387 58 20 18
628 46 7 13
577 92 6 27
395 48 9 16
522 53 0 2
323 83 10 8
478 79 22 15
621 61 14 22
369 71 12 13
449 46 15 11
387 58 20 18
628 46 7 13
577 92 6 27
395 48 9 16
522 53 0 2
323 83 10 8
478 79 22 15
621 61 14 22
369 71 12 13
449 46 15 11
387 58 20 18
628 46 7 13
577 92 6 27
395 48 9 16
522 53 0 2
323 83 10 8
478 79 22 15
621 61 14 22
369 71 12 13
449 46 15 11
387 58 20 18
628 46 7 13
577 92 6 27
395 48 9 16
522 53 0 2
323 83 10 8
478 79 22 15
621 61 14 22
369 71 12 13
449 46 15 11
387 58 20 18
628 46 7 13
577 92 6 27
395 48 9 16
522 53 0 2
323 83 10 8
478 79 22 15
621 61 14 22
369 71 12 13
449 46 15 11
387 58 20 18
628 46 7 13
577 92 6 27
395 48 9 16
522 53 0 2
323 83 10 8
478 79 22 15
621 61 14 22
369 71 12 13