292 85 0 15
275 63 0 5
208 82 4 16
257 67 4 13
342 90 4 17
309 87 6 17
313 81 2 12
392 55 1 6
383 74 3 18
329 58 6 16
18 8 1 0
292 85 0 15
275 63 0 5
208 82 4 16
257 67 4 13
342 90 4 17
309 87 6 17
313 81 2 12
392 55 1 6
383 74 3 18
329 58 6 16
18 8 1 0
292 85 0 15
275 63 0 5
208 82 4 16
257 67 4 13
342 90 4 17
309 87 6 17
313 81 2 12
392 55 1 6
383 74 3 18
329 58 6 16
18 8 1 0
292 85 0 15
275 63 0 5
208 82 4 16
257 67 4 13
342 90 4 17
309 87 6 17
313 81 2 12
392 55 1 6
383 74 3 18
329 58 6 16
18 8 1 0
292 85 0 15
275 63 0 5
208 82 4 16
257 67 4 13
342 90 4 17
309 87 6 17
313 81 2 12
392 55 1 6
383 74 3 18
329 58 6 16
18 8 1 0
292 85 0 15
275 63 0 5
208 82 4 16
257 67 4 13
342 90 4 17
309 87 6 17
313 81 2 12
392 55 1 6
383 74 3 18
329 58 6 16
18 8 1 0
292 85 0 15
275 63 0 5
208 82 4 16
257 67 4 13
342 90 4 17
309 87 6 17
313 81 2 12
392 55 1 6
383 74 3 18
329 58 6 16
18 8 1 0
292 85 0 15
275 63 0 5
208 82 4 16
257 67 4 13
342 90 4 17
309 87 6 17
313 81 2 12
392 55 1 6
383 74 3 18
329 58 6 16
18 8 1 0
292 85 0 15
275 63 0 5
208 82 4 16
257 67 4 13
342 90 4 17
309 87 6 17
313 81 2 12
392 55 1 6
383 74 3 18
329 58 6 16
18 8 1 0
292 85 0 15
275 63 0 5
208 82 4 16
257 67 4 13
342 90 4 17
309 87 6 17
313 81 2 12
392 55 1 6
383 74 3 18
329 58 6 16
18 8 1 0
292 85 0 15
275 63 0 5
208 82 4 16
257 67 4 13
342 90 4 17
309 87 6 17
313 81 2 12
392 55 1 6
383 74 3 18
329 58 6 16