440 19 0 0
568 24 2 5
486 31 4 4
593 24 7 11
519 47 4 14
497 29 1 1
472 33 0 3
521 57 5 19
541 33 5 15
584 28 1 6
41 2 0 0
440 19 0 0
568 24 2 5
486 31 4 4
593 24 7 11
519 47 4 14
497 29 1 1
472 33 0 3
521 57 5 19
541 33 5 15
584 28 1 6
41 2 0 0
440 19 0 0
568 24 2 5
486 31 4 4
593 24 7 11
519 47 4 14
497 29 1 1
472 33 0 3
521 57 5 19
541 33 5 15
584 28 1 6
41 2 0 0
440 19 0 0
568 24 2 5
486 31 4 4
593 24 7 11
519 47 4 14
497 29 1 1
472 33 0 3
521 57 5 19
541 33 5 15
584 28 1 6
41 2 0 0
440 19 0 0
568 24 2 5
486 31 4 4
593 24 7 11
519 47 4 14
497 29 1 1
472 33 0 3
521 57 5 19
541 33 5 15
584 28 1 6
41 2 0 0
440 19 0 0
568 24 2 5
486 31 4 4
593 24 7 11
519 47 4 14
497 29 1 1
472 33 0 3
521 57 5 19
541 33 5 15
584 28 1 6
41 2 0 0
440 19 0 0
568 24 2 5
486 31 4 4
593 24 7 11
519 47 4 14
497 29 1 1
472 33 0 3
521 57 5 19
541 33 5 15
584 28 1 6
41 2 0 0
440 19 0 0
568 24 2 5
486 31 4 4
593 24 7 11
519 47 4 14
497 29 1 1
472 33 0 3
521 57 5 19
541 33 5 15
584 28 1 6
41 2 0 0
440 19 0 0
568 24 2 5
486 31 4 4
593 24 7 11
519 47 4 14
497 29 1 1
472 33 0 3
521 57 5 19
541 33 5 15
584 28 1 6
41 2 0 0
440 19 0 0
568 24 2 5
486 31 4 4
593 24 7 11
519 47 4 14
497 29 1 1
472 33 0 3
521 57 5 19
541 33 5 15
584 28 1 6
41 2 0 0
440 19 0 0
568 24 2 5
486 31 4 4
593 24 7 11
519 47 4 14
497 29 1 1
472 33 0 3
521 57 5 19
541 33 5 15
584 28 1 6