10 4 0 4
22 3 4 7
20 2 1 6
20 4 0 4
27 3 0 7
30 7 0 6
28 5 0 0
33 0 0 0
27 4 0 7
31 10 5 10
18 2 0 4
14 0 0 4
17 7 0 12
13 4 4 15
22 0 0 5
24 4 7 9
25 13 1 7
23 5 0 10
29 0 0 5
25 5 0 5
16 0 0 4
24 0 0 3
23 11 0 5
25 6 0 6
28 1 0 7
20 4 0 8
16 7 5 9
28 10 0 9
26 0 0 4
23 8 0 5
14 1 0 4
16 0 0 0
26 6 1 7
23 5 1 10
14 4 0 3
21 6 0 3
26 6 1 4
24 6 0 5
19 1 0 3
23 9 0 4
16 4 0 2
17 3 0 14
21 1 3 5
14 0 0 7
17 9 0 5
14 0 0 0
22 9 0 9
23 3 1 7
25 1 4 9
26 10 0 0
21 2 0 2
23 5 0 4
23 1 3 8
22 10 2 14
18 1 0 10
22 9 1 6
18 2 0 9
21 12 2 13
15 8 1 9
19 9 0 4
16 3 0 0
22 0 0 9
19 3 2 4
19 6 0 3
22 6 3 9
18 11 0 11
19 9 0 10
23 2 1 14
15 11 0 6
14 5 0 7
10 1 0 7
20 2 0 0
22 3 0 6
23 10 0 9
27 0 0 9
27 13 0 4
24 6 0 6
17 0 0 2
21 7 0 0
25 2 0 5
12 2 0 4
15 2 1 4
28 3 0 8
23 2 2 15
30 0 0 7
30 4 3 16
21 0 0 3
22 4 0 12
24 12 0 0
24 1 0 9
16 3 0 1
22 6 0 1
20 0 0 9
23 6 3 5
27 3 0 4
25 3 3 11
19 0 1 7
23 6 1 12
18 3 3 5
14 4 0 3
13 4 0 6
20 0 0 4
16 9 2 13
16 5 0 4
10 3 3 7
14 2 0 3
24 6 0 3
20 9 0 10
25 6 1 13
30 11 0 1
16 0 0 0
16 7 0 6
24 12 1 13
25 4 0 6
25 1 0 13
26 6 0 8
23 7 0 11
25 7 0 10
21 11 0 7
19 0 0 1
