140 35 10 10
149 36 5 6
116 35 20 32
158 35 9 12
154 35 12 18
137 35 9 5
143 35 8 7
146 35 9 4
175 35 7 3
142 72 7 6
114 6 1 2
153 75 13 10
149 64 5 6
116 90 20 32
158 59 9 12
154 35 12 18
137 35 9 5
143 83 8 7
146 86 9 4
175 71 7 3
142 72 7 6
114 35 1 2
153 75 13 10
149 64 5 6
116 90 20 32
158 59 9 12
154 35 12 18
137 35 9 5
143 83 8 7
146 86 9 4
175 71 7 3
142 72 7 6
114 6 1 2
153 75 13 10
149 64 5 6
116 35 20 32
158 59 9 12
154 35 12 18
137 35 9 5
143 83 8 7
146 86 9 4
175 71 7 3
142 72 7 6
114 6 1 2
153 75 13 10
149 64 5 6
116 90 20 32
158 59 9 12
154 35 12 18
137 35 9 5
143 83 8 7
146 86 9 4
175 71 7 3
142 72 7 6
124 6 1 2
153 75 13 10
149 64 5 6
116 90 20 32
158 59 9 12
154 35 12 18
137 35 9 5
143 83 8 7
146 86 9 4
175 71 7 3
142 72 7 6
124 6 1 2
153 75 13 10
149 64 5 6
116 90 20 32
158 59 9 12
154 35 12 18
137 35 9 5
143 83 8 7
146 86 9 4
175 71 7 3
142 72 7 6
114 6 1 2
153 75 13 10
149 64 5 6
116 90 20 32
158 59 9 12
154 35 12 18
137 35 9 5
143 83 8 7
146 86 9 4
175 71 7 3
142 72 7 6
124 6 1 2
153 75 13 10
149 64 5 6
116 90 20 32
158 59 9 12
154 35 12 18
137 35 9 5
143 83 8 7
146 86 9 4
175 71 7 3
142 72 7 6
124 6 1 2
153 75 13 10
149 64 5 6
116 90 20 32
158 59 9 12
154 35 12 18
137 35 9 5
143 83 8 7
146 86 9 4
175 71 7 3
142 72 7 6
114 6 1 2
153 75 13 10
149 64 5 6
116 90 20 32
158 59 9 12
154 35 12 18
137 35 9 5
143 83 8 7
146 86 9 4
175 71 7 3
142 72 7 6