85 33 4 2
55 40 4 2
50 42 2 4
54 20 2 4
75 37 5 5
37 32 3 0
73 28 1 1
101 30 2 2
95 31 6 3
29 26 3 1
85 33 4 2
55 40 4 2
50 42 2 4
54 20 2 4
75 37 5 5
37 32 3 0
73 28 1 1
101 30 2 2
95 31 6 3
29 26 3 1
85 33 4 2
55 40 4 2
50 42 2 4
54 20 2 4
75 37 5 5
37 32 3 0
73 28 1 1
101 30 2 2
95 31 6 3
29 26 3 1
85 33 4 2
55 40 4 2
50 42 2 4
54 20 2 4
75 37 5 5
37 32 3 0
73 28 1 1
101 30 2 2
95 31 6 3
29 26 3 1
85 33 4 2
55 40 4 2
50 42 2 4
54 20 2 4
75 37 5 5
37 32 3 0
73 28 1 1
101 30 2 2
95 31 6 3
29 26 3 1
85 33 4 2
55 40 4 2
50 42 2 4
54 20 2 4
75 37 5 5
37 32 3 0
73 28 1 1
101 30 2 2
95 31 6 3
29 26 3 1
85 33 4 2
55 40 4 2
50 42 2 4
54 20 2 4
75 37 5 5
37 32 3 0
73 28 1 1
101 30 2 2
95 31 6 3
29 26 3 1
85 33 4 2
55 40 4 2
50 42 2 4
54 20 2 4
75 37 5 5
37 32 3 0
73 28 1 1
101 30 2 2
95 31 6 3
29 26 3 1
85 33 4 2
55 40 4 2
50 42 2 4
54 20 2 4
75 37 5 5
37 32 3 0
73 28 1 1
101 30 2 2
95 31 6 3
29 26 3 1
85 33 4 2
55 40 4 2
50 42 2 4
54 20 2 4
75 37 5 5
37 32 3 0
73 28 1 1
101 30 2 2
95 31 6 3
29 26 3 1
85 33 4 2
55 40 4 2
50 42 2 4
54 20 2 4
75 37 5 5
37 32 3 0
73 28 1 1
101 30 2 2
95 31 6 3
29 26 3 1
85 33 4 2
55 40 4 2
50 42 2 4
54 20 2 4
75 37 5 5
37 32 3 0
73 28 1 1
101 30 2 2
95 31 6 3
29 26 3 1