10 0 0 0
20 3 0 0
37 1 0 0
34 1 0 2
18 1 0 0
11 2 0 0
44 5 0 0
32 2 0 0
42 4 0 1
72 2 0 0
10 0 0 0
20 3 0 0
37 1 0 0
34 1 0 2
18 1 0 0
11 2 0 0
44 5 0 0
32 2 0 0
42 4 0 1
72 2 0 0
10 0 0 0
20 3 0 0
37 1 0 0
34 1 0 2
18 1 0 0
11 2 0 0
44 5 0 0
32 2 0 0
42 4 0 1
72 2 0 0
10 0 0 0
20 3 0 0
37 1 0 0
34 1 0 2
18 1 0 0
11 2 0 0
44 5 0 0
32 2 0 0
42 4 0 1
72 2 0 0
10 0 0 0
20 3 0 0
37 1 0 0
34 1 0 2
18 1 0 0
11 2 0 0
44 5 0 0
32 2 0 0
42 4 0 1
72 2 0 0
10 0 0 0
20 3 0 0
37 1 0 0
34 1 0 2
18 1 0 0
11 2 0 0
44 5 0 0
32 2 0 0
42 4 0 1
72 2 0 0
10 0 0 0
20 3 0 0
37 1 0 0
34 1 0 2
18 1 0 0
11 2 0 0
44 5 0 0
32 2 0 0
42 4 0 1
72 2 0 0
10 0 0 0
20 3 0 0
37 1 0 0
34 1 0 2
18 1 0 0
11 2 0 0
44 5 0 0
32 2 0 0
42 4 0 1
72 2 0 0
10 0 0 0
20 3 0 0
37 1 0 0
34 1 0 2
18 1 0 0
11 2 0 0
44 5 0 0
32 2 0 0
42 4 0 1
72 2 0 0
10 0 0 0
20 3 0 0
37 1 0 0
34 1 0 2
18 1 0 0
11 2 0 0
44 5 0 0
32 2 0 0
42 4 0 1
72 2 0 0
10 0 0 0
20 3 0 0
37 1 0 0
34 1 0 2
18 1 0 0
11 2 0 0
44 5 0 0
32 2 0 0
42 4 0 1
72 2 0 0
10 0 0 0
20 3 0 0
37 1 0 0
34 1 0 2
18 1 0 0
11 2 0 0
44 5 0 0
32 2 0 0
42 4 0 1
72 2 0 0