33 4 0 0
32 5 0 0
29 13 1 1
45 11 0 0
27 6 0 0
29 3 0 0
49 4 0 0
34 7 2 0
51 7 3 1
50 10 1 1
33 4 0 0
32 5 0 0
29 13 1 1
45 11 0 0
27 6 0 0
29 3 0 0
49 4 0 0
34 7 2 0
51 7 3 1
50 10 1 1
33 4 0 0
32 5 0 0
29 13 1 1
45 11 0 0
27 6 0 0
29 3 0 0
49 4 0 0
34 7 2 0
51 7 3 1
50 10 1 1
33 4 0 0
32 5 0 0
29 13 1 1
45 11 0 0
27 6 0 0
29 3 0 0
49 4 0 0
34 7 2 0
51 7 3 1
50 10 1 1
33 4 0 0
32 5 0 0
29 13 1 1
45 11 0 0
27 6 0 0
29 3 0 0
49 4 0 0
34 7 2 0
51 7 3 1
50 10 1 1
33 4 0 0
32 5 0 0
29 13 1 1
45 11 0 0
27 6 0 0
29 3 0 0
49 4 0 0
34 7 2 0
51 7 3 1
50 10 1 1
33 4 0 0
32 5 0 0
29 13 1 1
45 11 0 0
27 6 0 0
29 3 0 0
49 4 0 0
34 7 2 0
51 7 3 1
50 10 1 1
33 4 0 0
32 5 0 0
29 13 1 1
45 11 0 0
27 6 0 0
29 3 0 0
49 4 0 0
34 7 2 0
51 7 3 1
50 10 1 1
33 4 0 0
32 5 0 0
29 13 1 1
45 11 0 0
27 6 0 0
29 3 0 0
49 4 0 0
34 7 2 0
51 7 3 1
50 10 1 1
33 4 0 0
32 5 0 0
29 13 1 1
45 11 0 0
27 6 0 0
29 3 0 0
49 4 0 0
34 7 2 0
51 7 3 1
50 10 1 1
33 4 0 0
32 5 0 0
29 13 1 1
45 11 0 0
27 6 0 0
29 3 0 0
49 4 0 0
34 7 2 0
51 7 3 1
50 10 1 1
33 4 0 0
32 5 0 0
29 13 1 1
45 11 0 0
27 6 0 0
29 3 0 0
49 4 0 0
34 7 2 0
51 7 3 1
50 10 1 1