261 17 1 2
496 18 0 0
417 17 0 0
465 19 1 0
494 17 2 1
317 11 0 2
454 26 4 0
389 46 0 2
303 30 0 3
422 68 3 2
261 17 1 2
496 18 0 0
417 17 0 0
465 19 1 0
494 17 2 1
317 11 0 2
454 26 4 0
389 46 0 2
303 30 0 3
422 68 3 2
261 17 1 2
496 18 0 0
417 17 0 0
465 19 1 0
494 17 2 1
317 11 0 2
454 26 4 0
389 46 0 2
303 30 0 3
422 68 3 2
261 17 1 2
496 18 0 0
417 17 0 0
465 19 1 0
494 17 2 1
317 11 0 2
454 26 4 0
389 46 0 2
303 30 0 3
422 68 3 2
261 17 1 2
496 18 0 0
417 17 0 0
465 19 1 0
494 17 2 1
317 11 0 2
454 26 4 0
389 46 0 2
303 30 0 3
422 68 3 2
261 17 1 2
496 18 0 0
417 17 0 0
465 19 1 0
494 17 2 1
317 11 0 2
454 26 4 0
389 46 0 2
303 30 0 3
422 68 3 2
261 17 1 2
496 18 0 0
417 17 0 0
465 19 1 0
494 17 2 1
317 11 0 2
454 26 4 0
389 46 0 2
303 30 0 3
422 68 3 2
261 17 1 2
496 18 0 0
417 17 0 0
465 19 1 0
494 17 2 1
317 11 0 2
454 26 4 0
389 46 0 2
303 30 0 3
422 68 3 2
261 17 1 2
496 18 0 0
417 17 0 0
465 19 1 0
494 17 2 1
317 11 0 2
454 26 4 0
389 46 0 2
303 30 0 3
422 68 3 2
261 17 1 2
496 18 0 0
417 17 0 0
465 19 1 0
494 17 2 1
317 11 0 2
454 26 4 0
389 46 0 2
303 30 0 3
422 68 3 2
261 17 1 2
496 18 0 0
417 17 0 0
465 19 1 0
494 17 2 1
317 11 0 2
454 26 4 0
389 46 0 2
303 30 0 3
422 68 3 2
261 17 1 2
496 18 0 0
417 17 0 0
465 19 1 0
494 17 2 1
317 11 0 2
454 26 4 0
389 46 0 2
303 30 0 3
422 68 3 2