23 4 0 5
37 6 2 7
23 7 2 7
33 9 2 13
34 5 1 12
41 10 1 6
48 5 0 9
44 10 3 13
36 15 1 9
40 11 1 6
37 6 4 7
35 5 3 12
45 1 0 4
37 11 6 8
36 5 0 12
33 8 3 18
35 8 0 9
31 12 3 14
39 8 1 3
36 11 0 3
29 6 1 4
34 12 2 4
41 4 0 12
37 8 1 11
29 16 2 12
42 11 0 1
35 12 0 6
25 18 3 10
35 12 3 7
43 8 2 3
41 12 1 8
33 12 1 6
38 8 0 9
38 12 1 10
43 10 2 12
37 16 0 13
38 12 0 7
34 9 0 6
32 8 3 5
33 10 0 7
38 7 0 1
36 6 0 1
39 10 1 6
45 9 2 18
37 10 0 4
35 10 0 9
35 5 1 10
42 11 3 8
39 9 0 6
39 11 4 10
42 8 2 4
41 15 2 11
37 7 2 7
49 7 2 4
37 8 1 12
34 9 3 11
34 11 0 8
30 8 0 8
39 10 3 11
42 9 2 7
28 2 1 3
31 7 2 9
36 4 3 8
35 9 1 11
34 11 4 3
28 8 1 6
32 10 0 6
29 14 1 12
32 11 2 14
27 11 5 11
31 10 3 4
41 6 0 8
36 11 0 7
33 10 1 7
33 11 0 1
34 4 0 14
36 9 0 6
37 10 0 6
39 6 0 7
34 7 0 3
30 8 0 1
26 13 0 7
35 5 1 3
33 4 1 4
28 3 4 11
49 9 1 12
34 8 3 12
34 4 1 7
26 6 1 6
31 4 2 8
34 8 4 6
46 4 2 10
43 18 1 6
43 9 4 8
36 14 2 7
45 7 2 11
40 9 3 6
32 12 2 11
42 11 2 7
44 11 2 5
31 13 1 8
35 11 0 6
37 5 0 5
44 10 2 3
44 18 3 13
41 6 8 9
41 2 0 7
40 17 3 10
40 12 3 10
49 14 2 10
30 13 0 5
52 13 1 7
51 7 2 8
57 18 6 18
57 20 5 8
50 15 1 13
41 12 0 11
44 22 4 12
48 13 2 5
48 5 0 3
