22 0 0 0
32 1 0 0
22 2 0 0
29 2 1 2
39 1 0 0
30 3 1 1
44 8 0 2
35 4 0 5
33 1 2 2
31 2 1 1
33 8 1 4
25 6 0 5
24 9 0 5
35 3 1 4
24 3 6 5
21 9 0 0
36 1 0 0
30 4 2 6
34 7 2 2
26 5 1 2
30 2 0 2
27 5 0 6
30 3 2 9
31 4 4 4
34 13 2 6
36 19 1 8
30 11 0 3
27 7 1 4
19 7 1 3
34 2 0 1
28 8 1 2
51 3 1 2
39 5 0 2
32 9 2 5
36 1 0 4
24 11 1 2
29 12 1 5
26 5 0 0
40 6 0 1
33 4 0 7
26 7 0 2
29 6 0 6
21 5 1 5
18 6 2 3
21 7 1 3
16 0 2 7
26 0 2 6
28 10 1 1
25 10 1 3
24 4 1 3
23 10 0 1
18 8 2 1
19 9 0 3
17 0 0 0
12 5 4 3
25 7 3 6
16 9 2 1
24 14 0 5
16 13 3 5
11 3 0 0
11 3 0 1
14 3 0 0
16 5 0 0
15 4 0 6
19 1 1 4
14 2 0 0
14 2 1 0
20 8 1 7
17 6 4 7
27 5 3 0
23 0 1 1
32 7 0 0
25 7 0 1
30 7 0 1
20 8 0 6
28 0 0 5
30 7 0 8
24 10 4 3
16 5 1 3
23 0 2 1
18 2 0 2
20 7 0 0
18 2 1 1
22 6 0 0
22 3 0 0
21 8 0 3
20 7 1 3
16 8 0 2
18 5 5 2
23 4 0 5
17 1 0 0
23 6 0 1
14 7 0 0
20 6 2 5
27 9 0 1
27 2 0 0
22 9 2 2
17 3 4 0
19 5 0 0
17 7 0 0
15 5 1 3
24 3 0 2
20 6 1 0
28 7 0 0
36 4 1 0
34 5 1 0
22 9 2 2
19 9 0 0
23 9 3 3
21 2 3 9
22 0 0 6
19 3 1 2
27 4 0 3
24 4 0 0
22 5 2 2
25 7 2 0
24 14 3 0
28 11 3 5
34 8 1 4
30 7 0 0
