10 0 0 0
9 2 0 0
12 4 0 0
18 0 0 3
17 0 0 0
19 4 0 0
15 0 2 2
16 2 0 5
19 1 5 7
22 3 0 1
7 2 0 2
18 7 0 5
19 4 0 5
17 1 0 1
24 4 3 3
17 4 0 0
14 0 0 0
20 6 0 0
26 0 0 0
25 2 0 5
7 0 0 2
10 0 0 0
15 2 0 2
13 0 2 3
16 7 1 3
19 6 4 2
21 0 0 0
21 2 0 2
19 0 0 4
19 5 0 0
10 2 0 0
14 3 3 4
9 5 1 4
14 3 0 3
14 0 4 1
13 0 0 5
10 8 0 0
17 3 0 0
27 7 0 2
17 5 0 5
4 2 0 0
11 2 0 3
10 3 0 0
8 0 2 1
13 0 0 5
12 0 0 0
18 1 2 3
17 2 1 3
6 8 1 1
6 0 0 0
10 0 0 0
5 3 0 2
3 2 0 3
15 0 0 0
14 6 0 0
11 9 0 2
14 1 0 0
13 6 3 4
12 3 2 2
8 0 0 0
4 0 0 0
9 0 0 0
17 2 0 0
11 0 0 0
12 0 0 2
17 0 0 0
16 0 0 0
15 7 0 3
14 0 1 1
18 0 3 0
4 0 0 0
4 0 0 0
12 0 0 4
11 5 0 4
16 8 0 0
6 0 0 0
18 0 0 0
17 3 0 0
9 0 0 3
22 0 2 0
7 1 0 1
13 1 0 0
15 0 5 2
18 3 0 2
12 1 0 0
20 1 0 0
7 1 0 0
3 1 0 0
6 1 1 3
6 1 0 0
1 1 0 0
5 1 0 0
7 1 2 1
10 1 0 4
15 4 0 0
15 0 0 0
12 0 0 3
10 0 0 0
12 7 0 0
14 3 0 0
9 2 0 0
12 1 0 2
10 2 4 1
15 5 0 0
15 0 4 1
13 0 0 0
15 3 2 3
14 7 0 6
10 2 0 5
18 1 0 4
5 0 0 3
5 0 0 0
13 0 0 0
6 0 0 0
13 2 0 2
11 0 4 1
12 8 1 0
9 7 0 0
20 7 0 3
17 0 0 0
