279 46 9 2
365 46 10 0
333 75 9 0
341 81 8 0
357 61 10 4
340 49 9 0
322 64 12 2
376 54 9 0
341 55 9 0
298 59 7 1
279 46 9 2
365 46 10 0
333 75 9 0
341 81 8 0
357 61 10 4
340 49 9 0
322 64 12 2
376 54 9 0
341 55 9 0
298 59 7 1
279 46 9 2
365 46 10 0
333 75 9 0
341 81 8 0
357 61 10 4
340 49 9 0
322 64 12 2
376 54 9 0
341 55 9 0
298 59 7 1
279 46 9 2
365 46 10 0
333 75 9 0
341 81 8 0
357 61 10 4
340 49 9 0
322 64 12 2
376 54 9 0
341 55 9 0
298 59 7 1
279 46 9 2
365 46 10 0
333 75 9 0
341 81 8 0
357 61 10 4
340 49 9 0
322 64 12 2
376 54 9 0
341 55 9 0
298 59 7 1
279 46 9 2
365 46 10 0
333 75 9 0
341 81 8 0
357 61 10 4
340 49 9 0
322 64 12 2
376 54 9 0
341 55 9 0
298 59 7 1
279 46 9 2
365 46 10 0
333 75 9 0
341 81 8 0
357 61 10 4
340 49 9 0
322 64 12 2
376 54 9 0
341 55 9 0
298 59 7 1
279 46 9 2
365 46 10 0
333 75 9 0
341 81 8 0
357 61 10 4
340 49 9 0
322 64 12 2
376 54 9 0
341 55 9 0
298 59 7 1
279 46 9 2
365 46 10 0
333 75 9 0
341 81 8 0
357 61 10 4
340 49 9 0
322 64 12 2
376 54 9 0
341 55 9 0
298 59 7 1
279 46 9 2
365 46 10 0
333 75 9 0
341 81 8 0
357 61 10 4
340 49 9 0
322 64 12 2
376 54 9 0
341 55 9 0
298 59 7 1
279 46 9 2
365 46 10 0
333 75 9 0
341 81 8 0
357 61 10 4
340 49 9 0
322 64 12 2
376 54 9 0
341 55 9 0
298 59 7 1
279 46 9 2
365 46 10 0
333 75 9 0
341 81 8 0
357 61 10 4
340 49 9 0
322 64 12 2
376 54 9 0
341 55 9 0
298 59 7 1