14 0 0 0
15 0 0 1
22 3 0 0
24 5 2 0
20 9 1 0
21 4 1 0
18 1 0 0
17 0 0 1
12 0 0 1
18 7 2 0
14 0 0 0
15 0 0 1
22 3 0 0
24 5 2 0
20 9 1 0
21 4 1 0
18 1 0 0
17 0 0 1
12 0 0 1
18 7 2 0
14 0 0 0
15 0 0 1
22 3 0 0
24 5 2 0
20 9 1 0
21 4 1 0
18 1 0 0
17 0 0 1
12 0 0 1
18 7 2 0
14 0 0 0
15 0 0 1
22 3 0 0
24 5 2 0
20 9 1 0
21 4 1 0
18 1 0 0
17 0 0 1
12 0 0 1
18 7 2 0
14 0 0 0
15 0 0 1
22 3 0 0
24 5 2 0
20 9 1 0
21 4 1 0
18 1 0 0
17 0 0 1
12 0 0 1
18 7 2 0
14 0 0 0
15 0 0 1
22 3 0 0
24 5 2 0
20 9 1 0
21 4 1 0
18 1 0 0
17 0 0 1
12 0 0 1
18 7 2 0
14 0 0 0
15 0 0 1
22 3 0 0
24 5 2 0
20 9 1 0
21 4 1 0
18 1 0 0
17 0 0 1
12 0 0 1
18 7 2 0
14 0 0 0
15 0 0 1
22 3 0 0
24 5 2 0
20 9 1 0
21 4 1 0
18 1 0 0
17 0 0 1
12 0 0 1
18 7 2 0
14 0 0 0
15 0 0 1
22 3 0 0
24 5 2 0
20 9 1 0
21 4 1 0
18 1 0 0
17 0 0 1
12 0 0 1
18 7 2 0
14 0 0 0
15 0 0 1
22 3 0 0
24 5 2 0
20 9 1 0
21 4 1 0
18 1 0 0
17 0 0 1
12 0 0 1
18 7 2 0
14 0 0 0
15 0 0 1
22 3 0 0
24 5 2 0
20 9 1 0
21 4 1 0
18 1 0 0
17 0 0 1
12 0 0 1
18 7 2 0
14 0 0 0
15 0 0 1
22 3 0 0
24 5 2 0
20 9 1 0
21 4 1 0
18 1 0 0
17 0 0 1
12 0 0 1
18 7 2 0