8 0 0 0
11 0 0 0
14 2 0 0
16 2 0 0
19 4 0 3
19 7 0 4
13 0 0 0
18 0 0 1
15 0 0 0
14 0 0 3
6 2 0 0
12 1 1 1
13 2 0 0
19 1 1 1
19 4 0 0
11 2 2 1
11 2 2 2
12 9 0 0
17 5 0 0
15 0 0 2
4 2 0 1
11 2 0 0
16 0 0 1
10 2 1 5
10 1 2 5
14 4 0 0
16 7 0 0
10 10 0 6
8 4 0 2
15 3 0 2
6 1 0 0
14 0 0 0
17 3 1 7
19 0 0 5
15 3 0 3
17 0 0 1
15 9 3 0
14 7 3 5
14 0 0 1
15 5 0 1
9 3 1 5
7 0 1 2
10 4 0 0
15 3 0 1
17 2 0 2
16 0 0 1
11 4 1 8
15 4 1 5
16 6 0 2
15 13 4 2
10 2 0 0
13 0 0 0
12 0 0 0
9 1 1 0
13 0 0 3
12 1 3 2
6 5 2 6
10 0 0 0
10 7 0 0
12 0 0 0
2 1 0 0
8 5 0 1
6 0 0 2
10 0 0 0
3 1 0 0
15 0 1 1
12 0 0 0
9 1 4 1
14 2 6 2
7 1 0 6
5 0 0 0
10 0 0 0
12 1 0 0
11 8 0 2
11 2 1 2
8 2 1 5
7 4 3 1
16 1 0 1
19 0 0 0
5 1 0 0
1 0 0 0
7 0 0 0
7 0 0 0
10 0 0 0
11 6 1 1
11 4 0 0
10 2 0 0
10 3 2 4
13 6 0 1
11 1 0 1
4 1 0 0
5 0 0 2
10 1 0 1
9 3 0 0
11 4 0 0
7 2 0 0
8 1 4 0
5 8 0 0
11 4 2 2
14 6 0 0
2 1 0 0
10 3 0 0
14 1 2 1
8 10 3 1
9 4 0 0
18 7 4 1
14 6 0 0
13 2 0 1
11 0 0 6
9 4 0 0
5 1 2 4
4 0 3 4
10 0 0 2
13 6 0 2
12 1 0 1
12 3 0 2
8 0 0 2
11 0 0 3
11 3 2 3
10 5 0 1
