6 1 0 0
9 0 0 0
10 2 0 0
15 2 0 1
14 4 0 2
15 4 0 2
17 0 0 0
18 0 0 1
15 0 0 0
13 0 1 2
3 1 0 0
6 0 0 1
11 2 0 0
14 0 0 2
12 2 0 0
17 0 4 1
9 0 1 2
12 9 1 2
16 5 0 0
14 0 0 0
4 2 0 3
11 3 0 0
15 2 0 0
12 2 3 5
12 2 3 4
12 6 0 1
13 6 0 0
11 7 0 3
13 3 0 3
13 4 0 0
8 2 0 0
14 3 0 0
12 3 4 4
17 2 0 2
15 0 0 2
16 2 0 1
16 5 2 1
14 8 1 6
11 0 0 0
11 5 0 0
5 1 1 3
8 2 0 0
10 4 0 0
13 3 1 1
11 0 0 0
12 3 0 2
9 4 1 4
15 1 4 4
11 2 0 0
12 5 2 1
9 1 0 0
13 0 0 0
6 3 0 0
8 1 1 0
8 0 0 1
11 2 1 1
4 6 4 5
12 2 0 5
6 6 0 1
13 1 0 0
1 1 0 0
5 3 0 2
8 0 2 1
12 0 0 0
7 4 0 0
10 0 0 0
9 0 2 0
9 0 1 1
10 0 4 3
7 0 0 1
5 0 0 0
8 1 0 0
10 4 0 0
8 3 0 0
12 2 0 3
6 1 1 6
8 3 2 1
12 0 1 2
13 1 0 0
7 1 0 0
1 0 0 0
4 0 0 0
4 2 0 0
6 1 0 0
9 6 0 0
12 0 0 0
10 3 0 0
11 0 2 2
9 5 2 1
14 0 0 0
3 1 0 0
2 0 0 1
7 0 0 2
9 4 0 0
7 1 0 0
3 1 0 0
4 2 1 0
3 7 1 1
10 6 2 1
14 4 0 0
2 2 0 0
9 4 0 1
8 1 1 1
8 7 0 2
11 9 0 2
13 1 1 1
10 3 0 0
14 6 1 1
10 3 1 3
12 2 0 4
3 3 4 5
4 2 0 2
7 1 2 2
10 5 1 1
10 1 0 0
8 4 0 2
10 0 0 0
13 1 1 2
15 0 3 1
17 6 2 4
