82 24 2 7
105 23 4 7
104 17 2 9
87 35 0 19
97 16 3 6
86 26 1 3
74 16 5 8
108 22 1 5
96 22 4 3
92 21 0 6
89 20 1 7
127 20 2 3
118 17 1 8
105 27 6 11
103 25 6 10
86 25 5 16
91 9 7 1
90 20 1 6
108 28 4 6
99 19 4 0
74 13 3 4
130 27 8 12
96 9 3 13
111 11 2 7
97 25 2 17
98 25 2 15
96 24 8 7
84 16 7 7
95 28 5 1
86 19 2 3
76 26 0 4
80 29 1 11
86 20 1 11
81 24 1 13
83 16 0 5
85 28 1 15
71 23 6 8
111 34 1 5
99 18 5 15
101 14 3 10
65 17 3 9
67 17 0 9
58 21 4 15
75 25 5 7
100 27 10 19
88 19 4 7
90 25 6 15
73 23 4 8
61 21 9 14
63 27 11 19
61 20 3 12
69 23 0 11
54 19 4 9
71 25 5 14
62 36 6 25
61 17 5 15
68 23 0 13
56 25 3 18
56 19 1 16
57 16 9 21
56 29 8 23
69 23 10 14
70 16 0 15
79 33 5 19
81 29 2 18
72 21 1 15
63 30 6 21
83 39 5 21
81 29 0 10
62 26 3 13
77 6 1 4
64 25 7 10
54 25 8 15
81 25 3 12
67 36 3 22
44 21 12 11
45 24 0 10
43 33 8 21
28 12 5 3
42 23 4 6
38 22 7 7
48 17 7 9
65 24 6 6
74 24 7 6
42 14 4 3
50 25 7 13
56 26 12 8
61 31 8 6
49 23 8 14
85 34 9 17
55 19 9 6
62 25 11 14
53 32 13 18
76 24 9 21
68 25 3 10
53 17 3 13
57 33 3 16
60 25 0 10
65 21 4 14
74 24 1 21
61 15 1 6
71 20 5 12
70 31 6 14
80 4 1 6
68 19 6 19
64 20 4 11
72 30 5 10
67 24 1 17
62 16 1 11
80 28 0 12
62 23 7 9
66 19 4 7
63 27 12 19
72 21 5 14
91 17 3 9
59 28 4 9
69 32 4 12
92 17 9 9
80 35 0 22
89 28 0 17
