34 1 0 0
34 1 0 0
40 3 0 0
47 4 0 4
36 0 0 0
39 8 1 2
51 4 0 6
37 8 0 2
44 2 1 2
32 4 0 3
34 4 1 3
29 7 0 4
36 7 0 7
37 11 3 5
30 7 0 3
38 6 0 0
42 0 0 0
46 6 3 3
45 2 0 0
38 6 1 5
29 0 0 4
45 2 0 4
48 10 0 7
40 12 5 5
42 16 1 9
39 11 4 9
35 6 1 1
35 7 2 6
34 4 1 0
28 6 0 1
38 5 2 1
52 4 2 4
35 6 0 4
37 5 1 3
36 6 1 3
32 10 1 3
28 8 0 2
26 9 0 0
47 4 0 1
39 14 0 5
37 6 0 1
37 6 0 6
26 11 4 6
30 4 0 0
27 7 0 6
28 0 0 7
35 8 2 1
37 8 3 3
35 10 0 0
37 4 4 3
22 6 0 1
29 15 2 8
20 4 0 4
23 0 0 0
24 7 5 8
25 8 4 2
22 7 1 2
26 11 3 14
15 6 0 4
16 3 0 5
12 2 0 0
19 3 0 0
17 7 0 1
15 2 0 5
25 0 1 4
26 0 0 0
25 3 2 4
21 9 1 9
17 5 3 4
30 4 5 2
27 2 0 0
30 8 0 0
31 3 1 1
39 7 1 6
39 7 0 4
46 9 1 7
40 7 2 5
33 9 1 5
34 2 0 0
27 1 2 1
20 4 0 2
20 2 0 0
28 5 3 2
24 4 0 0
24 0 0 0
22 4 1 4
25 8 0 6
24 13 0 0
24 8 3 10
25 1 0 1
20 3 0 0
30 7 0 1
33 7 2 1
31 10 1 8
38 10 0 1
34 4 1 0
26 4 3 4
26 2 2 2
25 12 1 3
22 8 0 0
21 8 0 4
32 7 0 1
30 5 3 0
36 3 0 1
41 7 3 3
41 8 0 2
24 6 3 2
29 10 1 0
30 11 5 7
26 10 2 5
33 3 0 6
27 6 3 2
39 4 0 2
28 10 3 2
33 4 1 1
27 15 2 2
28 9 3 7
32 10 1 2
41 6 1 3
38 5 2 4
