253 75 13 10
249 64 5 6
316 90 20 32
258 59 9 12
254 127 12 18
337 105 9 5
243 83 8 7
246 86 9 4
175 71 7 3
242 72 7 6
24 6 1 2
253 75 13 10
249 64 5 6
316 90 20 32
258 59 9 12
254 127 12 18
337 105 9 5
243 83 8 7
246 86 9 4
175 71 7 3
242 72 7 6
24 6 1 2
253 75 13 10
249 64 5 6
316 90 20 32
258 59 9 12
254 127 12 18
337 105 9 5
243 83 8 7
246 86 9 4
175 71 7 3
242 72 7 6
24 6 1 2
253 75 13 10
249 64 5 6
316 90 20 32
258 59 9 12
254 127 12 18
337 105 9 5
243 83 8 7
246 86 9 4
175 71 7 3
242 72 7 6
24 6 1 2
253 75 13 10
249 64 5 6
316 90 20 32
258 59 9 12
254 127 12 18
337 105 9 5
243 83 8 7
246 86 9 4
175 71 7 3
242 72 7 6
24 6 1 2
253 75 13 10
249 64 5 6
316 90 20 32
258 59 9 12
254 127 12 18
337 105 9 5
243 83 8 7
246 86 9 4
175 71 7 3
242 72 7 6
24 6 1 2
253 75 13 10
249 64 5 6
316 90 20 32
258 59 9 12
254 127 12 18
337 105 9 5
243 83 8 7
246 86 9 4
175 71 7 3
242 72 7 6
24 6 1 2
253 75 13 10
249 64 5 6
316 90 20 32
258 59 9 12
254 127 12 18
337 105 9 5
243 83 8 7
246 86 9 4
175 71 7 3
242 72 7 6
24 6 1 2
253 75 13 10
249 64 5 6
316 90 20 32
258 59 9 12
254 127 12 18
337 105 9 5
243 83 8 7
246 86 9 4
175 71 7 3
242 72 7 6
24 6 1 2
253 75 13 10
249 64 5 6
316 90 20 32
258 59 9 12
254 127 12 18
337 105 9 5
243 83 8 7
246 86 9 4
175 71 7 3
242 72 7 6
24 6 1 2
253 75 13 10
249 64 5 6
316 90 20 32
258 59 9 12
254 127 12 18
337 105 9 5
243 83 8 7
246 86 9 4
175 71 7 3
242 72 7 6