279 46 9 2
365 46 10 0
333 75 9 0
341 81 8 0
357 61 10 4
340 49 9 0
322 64 12 2
376 54 9 0
341 55 9 0
298 59 7 1
253 75 13 10
249 64 5 6
316 90 20 32
258 59 9 12
254 127 12 18
337 105 9 5
243 83 8 7
246 86 9 4
175 71 7 3
242 72 7 6
24 6 1 2
279 46 9 2
365 46 10 0
333 75 9 0
341 81 8 0
357 61 10 4
340 49 9 0
322 64 12 2
376 54 9 0
341 55 9 0
298 59 7 1
253 75 13 10
249 64 5 6
316 90 20 32
258 59 9 12
254 127 12 18
337 105 9 5
243 83 8 7
246 86 9 4
175 71 7 3
242 72 7 6
24 6 1 2
279 46 9 2
365 46 10 0
333 75 9 0
341 81 8 0
357 61 10 4
340 49 9 0
322 64 12 2
376 54 9 0
341 55 9 0
298 59 7 1
253 75 13 10
249 64 5 6
316 90 20 32
258 59 9 12
254 127 12 18
337 105 9 5
243 83 8 7
246 86 9 4
175 71 7 3
242 72 7 6
24 6 1 2
279 46 9 2
365 46 10 0
333 75 9 0
341 81 8 0
357 61 10 4
340 49 9 0
322 64 12 2
376 54 9 0
341 55 9 0
298 59 7 1
253 75 13 10
249 64 5 6
316 90 20 32
258 59 9 12
254 127 12 18
337 105 9 5
243 83 8 7
246 86 9 4
175 71 7 3
242 72 7 6
24 6 1 2
279 46 9 2
365 46 10 0
333 75 9 0
341 81 8 0
357 61 10 4
340 49 9 0
322 64 12 2
376 54 9 0
341 55 9 0
298 59 7 1
253 75 13 10
249 64 5 6
316 90 20 32
258 59 9 12
254 127 12 18
337 105 9 5
243 83 8 7
246 86 9 4
175 71 7 3
242 72 7 6
24 6 1 2
279 46 9 2
365 46 10 0
333 75 9 0
341 81 8 0
357 61 10 4
340 49 9 0
322 64 12 2
376 54 9 0
341 55 9 0
298 59 7 1
253 75 13 10
249 64 5 6
316 90 20 32
258 59 9 12
254 127 12 18