95 31 2 1
126 21 4 3
171 24 7 5
155 19 4 2
135 15 5 5
154 19 3 3
170 40 4 4
168 40 2 3
145 24 2 5
137 30 2 1
124 23 2 5
142 23 2 4
125 18 3 1
114 36 3 4
142 32 1 5
156 38 4 7
150 29 3 3
147 25 8 3
155 33 2 1
135 42 3 8
116 27 1 3
134 37 2 2
179 28 1 5
183 14 3 2
146 24 2 1
123 21 2 9
124 38 4 9
149 41 7 9
163 22 1 2
131 24 5 3
100 26 1 2
134 36 5 7
152 26 5 6
159 26 3 4
113 37 2 8
157 40 1 3
145 27 3 3
160 26 1 1
112 27 1 3
144 28 2 3
132 20 2 1
138 37 2 1
138 46 4 1
146 21 2 1
153 31 2 1
136 37 1 5
147 24 2 2
138 44 1 1
153 38 3 3
137 42 11 8
94 33 3 1
126 33 4 5
149 25 2 1
149 34 3 3
133 20 1 7
193 28 2 5
154 41 9 10
140 41 2 3
156 15 2 6
146 17 6 1
83 23 3 7
108 36 4 4
149 25 2 3
154 27 1 10
141 30 3 8
140 42 1 5
147 34 1 5
152 36 1 5
167 21 3 1
125 16 3 3
124 24 2 7
138 32 1 3
150 25 4 5
149 25 1 2
150 21 2 4
154 27 1 3
155 40 5 3
158 39 4 3
146 30 4 2
179 36 2 2
120 34 2 2
122 28 2 10
112 35 9 4
126 31 4 16
143 32 3 2
145 42 4 9
135 34 8 9
163 34 4 7
162 41 4 4
158 33 2 1
109 34 4 3
133 44 4 5
172 49 9 3
191 42 1 3
199 41 4 3
161 40 3 6
166 43 2 6
178 44 7 5
205 33 2 8
137 30 5 20
122 41 8 3
163 40 4 6
186 37 2 5
144 39 4 5
131 31 5 1
134 20 1 3
118 23 3 1
155 24 3 4
133 23 2 3
128 35 2 4
120 29 2 1
141 34 2 1
119 35 3 1
126 38 5 7
142 25 4 3
130 26 2 7
133 25 2 3
145 37 3 1
140 30 4 5
138 32 2 2
