372 37 5 9
476 27 4 13
613 37 2 7
426 26 4 10
421 38 1 7
517 31 6 6
602 46 1 5
505 25 3 4
425 32 4 5
552 42 7 4
372 37 5 9
476 27 4 13
613 37 2 7
426 26 4 10
421 38 1 7
517 31 6 6
602 46 1 5
505 25 3 4
425 32 4 5
552 42 7 4
372 37 5 9
476 27 4 13
613 37 2 7
426 26 4 10
421 38 1 7
517 31 6 6
602 46 1 5
505 25 3 4
425 32 4 5
552 42 7 4
372 37 5 9
476 27 4 13
613 37 2 7
426 26 4 10
421 38 1 7
517 31 6 6
602 46 1 5
505 25 3 4
425 32 4 5
552 42 7 4
372 37 5 9
476 27 4 13
613 37 2 7
426 26 4 10
421 38 1 7
517 31 6 6
602 46 1 5
505 25 3 4
425 32 4 5
552 42 7 4
372 37 5 9
476 27 4 13
613 37 2 7
426 26 4 10
421 38 1 7
517 31 6 6
602 46 1 5
505 25 3 4
425 32 4 5
552 42 7 4
372 37 5 9
476 27 4 13
613 37 2 7
426 26 4 10
421 38 1 7
517 31 6 6
602 46 1 5
505 25 3 4
425 32 4 5
552 42 7 4
372 37 5 9
476 27 4 13
613 37 2 7
426 26 4 10
421 38 1 7
517 31 6 6
602 46 1 5
505 25 3 4
425 32 4 5
552 42 7 4
372 37 5 9
476 27 4 13
613 37 2 7
426 26 4 10
421 38 1 7
517 31 6 6
602 46 1 5
505 25 3 4
425 32 4 5
552 42 7 4
372 37 5 9
476 27 4 13
613 37 2 7
426 26 4 10
421 38 1 7
517 31 6 6
602 46 1 5
505 25 3 4
425 32 4 5
552 42 7 4
372 37 5 9
476 27 4 13
613 37 2 7
426 26 4 10
421 38 1 7
517 31 6 6
602 46 1 5
505 25 3 4
425 32 4 5
552 42 7 4
372 37 5 9
476 27 4 13
613 37 2 7
426 26 4 10
421 38 1 7
517 31 6 6
602 46 1 5
505 25 3 4
425 32 4 5
552 42 7 4