12 0 0 4
19 5 0 5
15 7 0 5
31 4 0 3
47 18 1 1
29 8 0 0
25 6 0 1
30 5 1 0
38 7 0 1
23 3 0 3
12 0 0 4
19 5 0 5
15 7 0 5
31 4 0 3
47 18 1 1
29 8 0 0
25 6 0 1
30 5 1 0
38 7 0 1
23 3 0 3
12 0 0 4
19 5 0 5
15 7 0 5
31 4 0 3
47 18 1 1
29 8 0 0
25 6 0 1
30 5 1 0
38 7 0 1
23 3 0 3
12 0 0 4
19 5 0 5
15 7 0 5
31 4 0 3
47 18 1 1
29 8 0 0
25 6 0 1
30 5 1 0
38 7 0 1
23 3 0 3
12 0 0 4
19 5 0 5
15 7 0 5
31 4 0 3
47 18 1 1
29 8 0 0
25 6 0 1
30 5 1 0
38 7 0 1
23 3 0 3
12 0 0 4
19 5 0 5
15 7 0 5
31 4 0 3
47 18 1 1
29 8 0 0
25 6 0 1
30 5 1 0
38 7 0 1
23 3 0 3
12 0 0 4
19 5 0 5
15 7 0 5
31 4 0 3
47 18 1 1
29 8 0 0
25 6 0 1
30 5 1 0
38 7 0 1
23 3 0 3
12 0 0 4
19 5 0 5
15 7 0 5
31 4 0 3
47 18 1 1
29 8 0 0
25 6 0 1
30 5 1 0
38 7 0 1
23 3 0 3
12 0 0 4
19 5 0 5
15 7 0 5
31 4 0 3
47 18 1 1
29 8 0 0
25 6 0 1
30 5 1 0
38 7 0 1
23 3 0 3
12 0 0 4
19 5 0 5
15 7 0 5
31 4 0 3
47 18 1 1
29 8 0 0
25 6 0 1
30 5 1 0
38 7 0 1
23 3 0 3
12 0 0 4
19 5 0 5
15 7 0 5
31 4 0 3
47 18 1 1
29 8 0 0
25 6 0 1
30 5 1 0
38 7 0 1
23 3 0 3
12 0 0 4
19 5 0 5
15 7 0 5
31 4 0 3
47 18 1 1
29 8 0 0
25 6 0 1
30 5 1 0
38 7 0 1
23 3 0 3