14 3 4 1
15 0 0 0
25 0 0 0
14 2 0 0
17 3 0 0
24 1 1 3
20 0 0 1
30 4 1 0
21 5 6 8
6 2 3 6
14 3 4 1
15 0 0 0
25 0 0 0
14 2 0 0
17 3 0 0
24 1 1 3
20 0 0 1
30 4 1 0
21 5 6 8
6 2 3 6
14 3 4 1
15 0 0 0
25 0 0 0
14 2 0 0
17 3 0 0
24 1 1 3
20 0 0 1
30 4 1 0
21 5 6 8
6 2 3 6
14 3 4 1
15 0 0 0
25 0 0 0
14 2 0 0
17 3 0 0
24 1 1 3
20 0 0 1
30 4 1 0
21 5 6 8
6 2 3 6
14 3 4 1
15 0 0 0
25 0 0 0
14 2 0 0
17 3 0 0
24 1 1 3
20 0 0 1
30 4 1 0
21 5 6 8
6 2 3 6
14 3 4 1
15 0 0 0
25 0 0 0
14 2 0 0
17 3 0 0
24 1 1 3
20 0 0 1
30 4 1 0
21 5 6 8
6 2 3 6
14 3 4 1
15 0 0 0
25 0 0 0
14 2 0 0
17 3 0 0
24 1 1 3
20 0 0 1
30 4 1 0
21 5 6 8
6 2 3 6
14 3 4 1
15 0 0 0
25 0 0 0
14 2 0 0
17 3 0 0
24 1 1 3
20 0 0 1
30 4 1 0
21 5 6 8
6 2 3 6
14 3 4 1
15 0 0 0
25 0 0 0
14 2 0 0
17 3 0 0
24 1 1 3
20 0 0 1
30 4 1 0
21 5 6 8
6 2 3 6
14 3 4 1
15 0 0 0
25 0 0 0
14 2 0 0
17 3 0 0
24 1 1 3
20 0 0 1
30 4 1 0
21 5 6 8
6 2 3 6
14 3 4 1
15 0 0 0
25 0 0 0
14 2 0 0
17 3 0 0
24 1 1 3
20 0 0 1
30 4 1 0
21 5 6 8
6 2 3 6
14 3 4 1
15 0 0 0
25 0 0 0
14 2 0 0
17 3 0 0
24 1 1 3
20 0 0 1
30 4 1 0
21 5 6 8
6 2 3 6