479 16 0 0
377 21 1 2
432 13 0 2
399 19 1 1
303 27 10 7
308 19 5 3
316 15 0 1
510 8 2 1
252 24 4 7
356 14 1 8
479 16 0 0
377 21 1 2
432 13 0 2
399 19 1 1
303 27 10 7
308 19 5 3
316 15 0 1
510 8 2 1
252 24 4 7
356 14 1 8
479 16 0 0
377 21 1 2
432 13 0 2
399 19 1 1
303 27 10 7
308 19 5 3
316 15 0 1
510 8 2 1
252 24 4 7
356 14 1 8
479 16 0 0
377 21 1 2
432 13 0 2
399 19 1 1
303 27 10 7
308 19 5 3
316 15 0 1
510 8 2 1
252 24 4 7
356 14 1 8
479 16 0 0
377 21 1 2
432 13 0 2
399 19 1 1
303 27 10 7
308 19 5 3
316 15 0 1
510 8 2 1
252 24 4 7
356 14 1 8
479 16 0 0
377 21 1 2
432 13 0 2
399 19 1 1
303 27 10 7
308 19 5 3
316 15 0 1
510 8 2 1
252 24 4 7
356 14 1 8
479 16 0 0
377 21 1 2
432 13 0 2
399 19 1 1
303 27 10 7
308 19 5 3
316 15 0 1
510 8 2 1
252 24 4 7
356 14 1 8
479 16 0 0
377 21 1 2
432 13 0 2
399 19 1 1
303 27 10 7
308 19 5 3
316 15 0 1
510 8 2 1
252 24 4 7
356 14 1 8
479 16 0 0
377 21 1 2
432 13 0 2
399 19 1 1
303 27 10 7
308 19 5 3
316 15 0 1
510 8 2 1
252 24 4 7
356 14 1 8
479 16 0 0
377 21 1 2
432 13 0 2
399 19 1 1
303 27 10 7
308 19 5 3
316 15 0 1
510 8 2 1
252 24 4 7
356 14 1 8
479 16 0 0
377 21 1 2
432 13 0 2
399 19 1 1
303 27 10 7
308 19 5 3
316 15 0 1
510 8 2 1
252 24 4 7
356 14 1 8
479 16 0 0
377 21 1 2
432 13 0 2
399 19 1 1
303 27 10 7
308 19 5 3
316 15 0 1
510 8 2 1
252 24 4 7
356 14 1 8