2 3 0 2
5 6 2 4
15 14 2 1
11 4 0 3
12 1 0 0
9 2 0 2
8 4 4 5
11 8 3 3
10 9 4 4
15 5 0 1
5 2 0 1
10 2 3 2
7 6 2 2
10 3 0 0
6 0 0 1
10 4 5 3
11 3 0 3
13 2 0 0
11 5 1 1
11 1 0 0
6 2 0 0
6 1 1 0
13 2 2 1
16 8 0 1
21 3 0 1
15 2 2 8
20 0 0 1
19 8 3 7
11 3 0 3
13 1 0 4
5 4 1 0
7 1 1 2
14 7 1 5
0 5 0 2
10 0 0 0
12 7 1 0
9 3 0 6
11 0 0 0
18 9 1 0
5 2 0 3
3 0 0 0
4 1 0 1
4 2 0 0
7 7 3 3
10 5 1 9
17 3 0 1
15 7 0 0
14 3 0 0
14 4 2 1
15 0 1 8
1 0 0 0
4 0 1 3
4 0 0 2
6 0 0 0
6 1 0 3
11 0 0 2
15 1 0 7
11 2 0 4
10 4 0 1
8 1 1 8
6 1 1 2
6 0 1 2
7 4 1 2
3 1 0 3
4 4 2 6
9 1 0 7
8 8 0 1
9 6 0 0
0 2 2 5
6 0 0 2
6 2 0 2
5 2 0 1
2 0 0 0
3 0 0 1
5 3 1 3
8 3 2 2
9 0 1 3
11 5 2 3
6 4 0 7
17 13 3 3
0 0 0 0
1 0 0 0
3 1 2 2
9 3 0 0
5 3 0 1
13 9 0 2
15 2 3 3
15 2 1 4
14 7 1 2
12 6 0 1
5 2 0 2
9 3 1 3
10 4 0 0
7 3 0 3
13 1 0 0
13 2 0 4
19 8 0 2
20 10 2 2
18 8 1 4
21 3 0 7
3 1 0 2
8 1 0 1
12 3 0 6
12 2 0 3
6 6 1 6
11 3 0 4
9 7 3 9
20 10 6 11
23 6 2 0
16 5 1 0
2 2 3 4
3 3 2 4
5 4 0 1
6 2 0 1
9 1 3 1
9 6 0 0
7 2 1 5
13 0 0 0
12 1 1 2
15 9 0 4
