12 0 0 1
13 3 0 2
16 0 0 2
14 0 0 0
13 3 0 0
12 0 0 1
6 2 0 0
15 1 0 4
14 0 0 0
10 0 0 0
7 0 0 2
9 1 0 2
12 0 0 4
12 1 0 3
16 0 0 5
8 1 0 2
11 0 0 1
11 0 0 4
14 0 0 2
12 0 0 2
15 1 0 0
18 1 0 2
13 0 0 1
15 0 0 1
15 0 0 1
14 0 0 0
19 1 0 1
20 0 0 6
20 0 0 2
17 0 0 2
19 0 0 1
15 0 0 1
16 0 0 1
11 0 0 1
12 0 0 1
16 0 0 0
17 0 0 1
14 0 0 1
12 0 0 0
14 0 0 2
14 2 0 5
22 0 0 1
19 0 0 0
12 0 0 0
15 0 0 1
15 2 0 2
14 0 0 0
18 0 0 2
23 0 0 0
16 0 0 1
13 0 0 0
18 1 0 0
13 0 0 1
11 0 0 0
13 0 0 0
21 0 0 0
12 2 0 1
19 3 0 2
13 1 0 0
13 1 0 2
11 1 0 0
12 1 0 0
14 1 0 0
11 0 0 3
12 0 0 0
8 2 0 0
10 0 0 0
12 0 0 1
12 0 0 1
8 0 0 0
13 0 0 0
17 0 0 0
14 0 0 0
11 0 0 0
14 0 0 1
14 0 0 2
15 0 0 1
12 0 0 2
17 0 0 3
17 0 0 5
17 0 0 3
14 0 0 5
12 0 0 5
15 0 0 5
15 0 0 2
19 0 0 3
21 0 0 4
17 0 0 1
16 0 0 1
16 0 0 2
21 0 1 7
18 0 0 3
13 0 0 1
14 0 0 0
13 3 2 4
12 1 0 2
14 1 0 3
12 0 0 0
12 0 0 2
9 1 0 2
10 0 0 1
7 0 0 0
11 0 0 0
12 1 0 0
12 0 0 0
12 0 0 2
12 0 0 2
13 0 0 2
9 0 0 0
13 0 0 0
16 0 0 0
17 0 0 0
13 0 0 1
9 0 0 0
8 0 0 1
12 0 0 2
10 1 0 1
11 0 0 0
13 0 0 0
16 0 0 0
