40 7 1 1
49 10 0 0
86 3 0 0
53 9 0 0
42 8 2 0
65 22 0 0
60 20 0 3
78 2 0 0
76 8 0 0
40 8 0 2
40 7 1 1
49 10 0 0
86 3 0 0
53 9 0 0
42 8 2 0
65 22 0 0
60 20 0 3
78 2 0 0
76 8 0 0
40 8 0 2
40 7 1 1
49 10 0 0
86 3 0 0
53 9 0 0
42 8 2 0
65 22 0 0
60 20 0 3
78 2 0 0
76 8 0 0
40 8 0 2
40 7 1 1
49 10 0 0
86 3 0 0
53 9 0 0
42 8 2 0
65 22 0 0
60 20 0 3
78 2 0 0
76 8 0 0
40 8 0 2
40 7 1 1
49 10 0 0
86 3 0 0
53 9 0 0
42 8 2 0
65 22 0 0
60 20 0 3
78 2 0 0
76 8 0 0
40 8 0 2
40 7 1 1
49 10 0 0
86 3 0 0
53 9 0 0
42 8 2 0
65 22 0 0
60 20 0 3
78 2 0 0
76 8 0 0
40 8 0 2
40 7 1 1
49 10 0 0
86 3 0 0
53 9 0 0
42 8 2 0
65 22 0 0
60 20 0 3
78 2 0 0
76 8 0 0
40 8 0 2
40 7 1 1
49 10 0 0
86 3 0 0
53 9 0 0
42 8 2 0
65 22 0 0
60 20 0 3
78 2 0 0
76 8 0 0
40 8 0 2
40 7 1 1
49 10 0 0
86 3 0 0
53 9 0 0
42 8 2 0
65 22 0 0
60 20 0 3
78 2 0 0
76 8 0 0
40 8 0 2
40 7 1 1
49 10 0 0
86 3 0 0
53 9 0 0
42 8 2 0
65 22 0 0
60 20 0 3
78 2 0 0
76 8 0 0
40 8 0 2
40 7 1 1
49 10 0 0
86 3 0 0
53 9 0 0
42 8 2 0
65 22 0 0
60 20 0 3
78 2 0 0
76 8 0 0
40 8 0 2
40 7 1 1
49 10 0 0
86 3 0 0
53 9 0 0
42 8 2 0
65 22 0 0
60 20 0 3
78 2 0 0
76 8 0 0
40 8 0 2