172 36 1 7
354 33 0 8
221 48 4 12
275 17 4 6
282 62 11 8
305 39 5 9
326 45 5 5
280 19 5 8
284 32 4 12
291 48 3 11
172 36 1 7
354 33 0 8
221 48 4 12
275 17 4 6
282 62 11 8
305 39 5 9
326 45 5 5
280 19 5 8
284 32 4 12
291 48 3 11
172 36 1 7
354 33 0 8
221 48 4 12
275 17 4 6
282 62 11 8
305 39 5 9
326 45 5 5
280 19 5 8
284 32 4 12
291 48 3 11
172 36 1 7
354 33 0 8
221 48 4 12
275 17 4 6
282 62 11 8
305 39 5 9
326 45 5 5
280 19 5 8
284 32 4 12
291 48 3 11
172 36 1 7
354 33 0 8
221 48 4 12
275 17 4 6
282 62 11 8
305 39 5 9
326 45 5 5
280 19 5 8
284 32 4 12
291 48 3 11
172 36 1 7
354 33 0 8
221 48 4 12
275 17 4 6
282 62 11 8
305 39 5 9
326 45 5 5
280 19 5 8
284 32 4 12
291 48 3 11
172 36 1 7
354 33 0 8
221 48 4 12
275 17 4 6
282 62 11 8
305 39 5 9
326 45 5 5
280 19 5 8
284 32 4 12
291 48 3 11
172 36 1 7
354 33 0 8
221 48 4 12
275 17 4 6
282 62 11 8
305 39 5 9
326 45 5 5
280 19 5 8
284 32 4 12
291 48 3 11
172 36 1 7
354 33 0 8
221 48 4 12
275 17 4 6
282 62 11 8
305 39 5 9
326 45 5 5
280 19 5 8
284 32 4 12
291 48 3 11
172 36 1 7
354 33 0 8
221 48 4 12
275 17 4 6
282 62 11 8
305 39 5 9
326 45 5 5
280 19 5 8
284 32 4 12
291 48 3 11
172 36 1 7
354 33 0 8
221 48 4 12
275 17 4 6
282 62 11 8
305 39 5 9
326 45 5 5
280 19 5 8
284 32 4 12
291 48 3 11
172 36 1 7
354 33 0 8
221 48 4 12
275 17 4 6
282 62 11 8
305 39 5 9
326 45 5 5
280 19 5 8
284 32 4 12
291 48 3 11