8 1 4 5
12 2 1 6
12 3 0 2
14 2 1 9
18 2 1 6
14 5 0 5
11 12 3 9
19 9 0 6
18 6 0 6
12 1 0 3
20 2 1 3
17 3 0 6
17 7 6 8
6 6 3 9
9 4 0 4
14 7 0 4
20 6 3 7
20 5 4 4
19 4 1 2
12 4 5 3
11 3 5 7
16 3 0 11
13 12 1 2
16 6 0 2
15 4 0 1
15 9 0 3
16 5 4 0
19 3 1 1
19 6 3 6
14 5 0 2
12 3 0 8
18 7 1 6
16 8 0 8
8 2 2 4
11 2 1 5
13 6 0 0
16 3 2 4
18 6 0 5
8 9 1 2
13 2 0 0
8 4 1 0
12 5 0 5
8 4 0 1
16 8 1 4
14 6 0 2
15 3 2 9
14 2 1 6
18 5 1 5
21 5 3 7
13 9 0 4
15 6 1 5
19 7 1 1
11 6 1 3
17 4 0 8
18 2 1 7
9 3 0 3
9 1 0 3
14 2 2 4
12 1 2 1
12 5 0 5
10 3 0 5
11 3 0 6
16 3 1 4
11 1 2 4
13 5 1 8
16 4 2 2
15 1 0 6
17 1 1 6
16 5 1 2
13 8 0 9
9 2 0 5
14 2 0 3
12 1 0 3
12 5 0 4
8 5 2 2
11 6 3 4
15 6 1 5
13 2 1 3
11 1 4 5
10 7 0 9
6 1 0 4
15 2 2 2
12 3 0 5
11 7 2 6
13 11 1 2
13 1 0 3
9 7 0 5
14 1 3 6
15 3 1 6
12 9 0 8
10 6 2 5
16 4 3 8
17 5 0 4
15 7 0 0
11 6 1 0
14 6 1 2
20 3 0 11
17 7 0 3
8 1 0 4
16 4 1 0
15 1 0 2
19 3 2 7
19 8 1 3
19 7 0 4
16 2 1 7
14 2 4 7
9 6 0 9
15 6 0 9
27 5 0 3
13 7 0 8
14 5 1 8
14 7 5 10
20 9 2 10
25 3 1 9
24 9 2 6
14 9 1 6
11 8 1 6
15 3 1 8
14 10 0 3
12 1 4 4
