36 7 1 6
54 10 2 14
54 8 0 8
50 11 1 9
46 17 4 16
69 12 0 3
50 20 4 13
50 9 4 19
59 1 0 7
51 9 0 4
36 10 5 14
46 6 4 12
51 11 2 10
43 17 3 12
56 19 3 12
41 11 0 5
45 10 0 7
49 15 2 3
53 5 2 6
53 8 0 7
37 14 0 8
43 12 3 8
43 6 0 3
34 14 1 11
33 19 5 12
52 9 3 4
56 8 3 9
41 14 0 6
44 12 1 12
44 8 0 5
46 7 1 10
54 14 4 14
48 13 0 10
42 11 0 5
42 13 4 12
52 14 0 3
48 21 0 8
50 6 0 2
51 9 0 3
70 15 0 9
48 8 1 11
41 9 0 6
40 9 1 6
44 10 4 13
55 9 1 4
46 11 4 7
65 19 3 10
51 11 1 5
48 19 0 15
56 6 0 2
46 12 0 6
47 16 2 14
30 14 0 10
43 10 0 12
42 7 0 8
58 12 3 12
45 12 7 9
41 10 0 3
39 10 3 8
41 5 1 11
36 11 7 9
35 14 0 4
41 9 1 8
31 16 1 10
43 10 2 13
39 14 2 17
34 14 2 9
42 8 3 7
38 6 0 7
46 8 0 4
36 9 0 1
41 12 0 12
38 11 0 14
51 11 0 2
56 7 0 4
49 4 0 2
51 14 4 3
40 17 1 7
39 9 1 4
51 5 0 8
38 2 0 2
59 8 2 22
44 15 2 13
44 5 1 13
36 3 0 5
40 7 3 13
57 8 3 5
49 9 1 9
64 11 0 7
51 19 6 12
38 11 2 7
60 14 1 5
51 6 1 5
30 14 2 13
51 19 1 11
38 13 0 9
44 10 2 9
52 17 0 5
51 8 0 6
39 10 3 6
50 16 0 11
61 10 7 7
48 2 0 11
48 16 3 10
44 12 3 10
60 17 0 10
53 21 1 14
60 17 3 7
65 16 1 9
61 18 7 11
51 23 7 12
67 12 2 5
54 8 1 13
49 18 0 9
58 20 3 8
57 9 0 9
45 16 1 8
42 13 5 4
62 15 2 14
53 12 1 13
