273 28 3 11
248 27 3 9
290 19 2 7
217 10 0 3
172 20 0 2
175 31 0 3
210 27 2 3
237 23 0 6
239 40 2 12
273 28 3 11
248 27 3 9
290 19 2 7
217 10 0 3
172 20 0 2
175 31 0 3
210 27 2 3
237 23 0 6
239 40 2 12
273 28 3 11
248 27 3 9
290 19 2 7
217 10 0 3
172 20 0 2
175 31 0 3
210 27 2 3
237 23 0 6
239 40 2 12
273 28 3 11
248 27 3 9
290 19 2 7
217 10 0 3
172 20 0 2
175 31 0 3
210 27 2 3
237 23 0 6
239 40 2 12
273 28 3 11
248 27 3 9
290 19 2 7
217 10 0 3
172 20 0 2
175 31 0 3
210 27 2 3
237 23 0 6
239 40 2 12
273 28 3 11
248 27 3 9
290 19 2 7
217 10 0 3
172 20 0 2
175 31 0 3
210 27 2 3
237 23 0 6
239 40 2 12
273 28 3 11
248 27 3 9
290 19 2 7
217 10 0 3
172 20 0 2
175 31 0 3
210 27 2 3
237 23 0 6
239 40 2 12
273 28 3 11
248 27 3 9
290 19 2 7
217 10 0 3
172 20 0 2
175 31 0 3
210 27 2 3
237 23 0 6
239 40 2 12
273 28 3 11
248 27 3 9
290 19 2 7
217 10 0 3
172 20 0 2
175 31 0 3
210 27 2 3
237 23 0 6
239 40 2 12
273 28 3 11
248 27 3 9
290 19 2 7
217 10 0 3
172 20 0 2
175 31 0 3
210 27 2 3
237 23 0 6
239 40 2 12
273 28 3 11
248 27 3 9
290 19 2 7
217 10 0 3
172 20 0 2
175 31 0 3
210 27 2 3
237 23 0 6
239 40 2 12
273 28 3 11
248 27 3 9
290 19 2 7
217 10 0 3
172 20 0 2
175 31 0 3
210 27 2 3
237 23 0 6
239 40 2 12
273 28 3 11
248 27 3 9
290 19 2 7
217 10 0 3
172 20 0 2
175 31 0 3
210 27 2 3
237 23 0 6
239 40 2 12
273 28 3 11
248 27 3 9
290 19 2 7