78 19 3 2
102 12 1 4
90 14 0 0
87 23 2 1
123 15 5 10
123 29 6 2
111 16 0 0
121 13 1 0
89 21 3 8
81 34 2 7
78 19 3 2
102 12 1 4
90 14 0 0
87 23 2 1
123 15 5 10
123 29 6 2
111 16 0 0
121 13 1 0
89 21 3 8
81 34 2 7
78 19 3 2
102 12 1 4
90 14 0 0
87 23 2 1
123 15 5 10
123 29 6 2
111 16 0 0
121 13 1 0
89 21 3 8
81 34 2 7
78 19 3 2
102 12 1 4
90 14 0 0
87 23 2 1
123 15 5 10
123 29 6 2
111 16 0 0
121 13 1 0
89 21 3 8
81 34 2 7
78 19 3 2
102 12 1 4
90 14 0 0
87 23 2 1
123 15 5 10
123 29 6 2
111 16 0 0
121 13 1 0
89 21 3 8
81 34 2 7
78 19 3 2
102 12 1 4
90 14 0 0
87 23 2 1
123 15 5 10
123 29 6 2
111 16 0 0
121 13 1 0
89 21 3 8
81 34 2 7
78 19 3 2
102 12 1 4
90 14 0 0
87 23 2 1
123 15 5 10
123 29 6 2
111 16 0 0
121 13 1 0
89 21 3 8
81 34 2 7
78 19 3 2
102 12 1 4
90 14 0 0
87 23 2 1
123 15 5 10
123 29 6 2
111 16 0 0
121 13 1 0
89 21 3 8
81 34 2 7
78 19 3 2
102 12 1 4
90 14 0 0
87 23 2 1
123 15 5 10
123 29 6 2
111 16 0 0
121 13 1 0
89 21 3 8
81 34 2 7
78 19 3 2
102 12 1 4
90 14 0 0
87 23 2 1
123 15 5 10
123 29 6 2
111 16 0 0
121 13 1 0
89 21 3 8
81 34 2 7
78 19 3 2
102 12 1 4
90 14 0 0
87 23 2 1
123 15 5 10
123 29 6 2
111 16 0 0
121 13 1 0
89 21 3 8
81 34 2 7
78 19 3 2
102 12 1 4
90 14 0 0
87 23 2 1
123 15 5 10
123 29 6 2
111 16 0 0
121 13 1 0
89 21 3 8
81 34 2 7