44 30 4 13
56 20 9 8
75 27 11 5
51 35 5 9
39 34 7 7
70 35 10 22
73 24 9 7
44 22 9 11
37 28 10 17
65 24 6 11
8 3 0 0
44 30 4 13
56 20 9 8
75 27 11 5
51 35 5 9
39 34 7 7
70 35 10 22
73 24 9 7
44 22 9 11
37 28 10 17
65 24 6 11
8 3 0 0
44 30 4 13
56 20 9 8
75 27 11 5
51 35 5 9
39 34 7 7
70 35 10 22
73 24 9 7
44 22 9 11
37 28 10 17
65 24 6 11
8 3 0 0
44 30 4 13
56 20 9 8
75 27 11 5
51 35 5 9
39 34 7 7
70 35 10 22
73 24 9 7
44 22 9 11
37 28 10 17
65 24 6 11
8 3 0 0
44 30 4 13
56 20 9 8
75 27 11 5
51 35 5 9
39 34 7 7
70 35 10 22
73 24 9 7
44 22 9 11
37 28 10 17
65 24 6 11
8 3 0 0
44 30 4 13
56 20 9 8
75 27 11 5
51 35 5 9
39 34 7 7
70 35 10 22
73 24 9 7
44 22 9 11
37 28 10 17
65 24 6 11
8 3 0 0
44 30 4 13
56 20 9 8
75 27 11 5
51 35 5 9
39 34 7 7
70 35 10 22
73 24 9 7
44 22 9 11
37 28 10 17
65 24 6 11
8 3 0 0
44 30 4 13
56 20 9 8
75 27 11 5
51 35 5 9
39 34 7 7
70 35 10 22
73 24 9 7
44 22 9 11
37 28 10 17
65 24 6 11
8 3 0 0
44 30 4 13
56 20 9 8
75 27 11 5
51 35 5 9
39 34 7 7
70 35 10 22
73 24 9 7
44 22 9 11
37 28 10 17
65 24 6 11
8 3 0 0
44 30 4 13
56 20 9 8
75 27 11 5
51 35 5 9
39 34 7 7
70 35 10 22
73 24 9 7
44 22 9 11
37 28 10 17
65 24 6 11
8 3 0 0
44 30 4 13
56 20 9 8
75 27 11 5
51 35 5 9
39 34 7 7
70 35 10 22
73 24 9 7
44 22 9 11
37 28 10 17
65 24 6 11