257 12 3 6
220 6 1 2
326 11 0 0
285 44 6 10
290 26 5 12
403 5 0 0
408 18 5 4
356 18 1 0
362 26 3 5
312 26 0 9
41 5 0 0
257 12 3 6
220 6 1 2
326 11 0 0
285 44 6 10
290 26 5 12
403 5 0 0
408 18 5 4
356 18 1 0
362 26 3 5
312 26 0 9
41 5 0 0
257 12 3 6
220 6 1 2
326 11 0 0
285 44 6 10
290 26 5 12
403 5 0 0
408 18 5 4
356 18 1 0
362 26 3 5
312 26 0 9
41 5 0 0
257 12 3 6
220 6 1 2
326 11 0 0
285 44 6 10
290 26 5 12
403 5 0 0
408 18 5 4
356 18 1 0
362 26 3 5
312 26 0 9
41 5 0 0
257 12 3 6
220 6 1 2
326 11 0 0
285 44 6 10
290 26 5 12
403 5 0 0
408 18 5 4
356 18 1 0
362 26 3 5
312 26 0 9
41 5 0 0
257 12 3 6
220 6 1 2
326 11 0 0
285 44 6 10
290 26 5 12
403 5 0 0
408 18 5 4
356 18 1 0
362 26 3 5
312 26 0 9
41 5 0 0
257 12 3 6
220 6 1 2
326 11 0 0
285 44 6 10
290 26 5 12
403 5 0 0
408 18 5 4
356 18 1 0
362 26 3 5
312 26 0 9
41 5 0 0
257 12 3 6
220 6 1 2
326 11 0 0
285 44 6 10
290 26 5 12
403 5 0 0
408 18 5 4
356 18 1 0
362 26 3 5
312 26 0 9
41 5 0 0
257 12 3 6
220 6 1 2
326 11 0 0
285 44 6 10
290 26 5 12
403 5 0 0
408 18 5 4
356 18 1 0
362 26 3 5
312 26 0 9
41 5 0 0
257 12 3 6
220 6 1 2
326 11 0 0
285 44 6 10
290 26 5 12
403 5 0 0
408 18 5 4
356 18 1 0
362 26 3 5
312 26 0 9
41 5 0 0
257 12 3 6
220 6 1 2
326 11 0 0
285 44 6 10
290 26 5 12
403 5 0 0
408 18 5 4
356 18 1 0
362 26 3 5
312 26 0 9