96 16 0 0
143 17 0 2
134 13 0 2
172 16 0 2
90 12 2 3
119 26 0 1
147 3 0 2
111 22 0 0
137 10 0 1
146 3 0 1
96 16 0 0
143 17 0 2
134 13 0 2
172 16 0 2
90 12 2 3
119 26 0 1
147 3 0 2
111 22 0 0
137 10 0 1
146 3 0 1
96 16 0 0
143 17 0 2
134 13 0 2
172 16 0 2
90 12 2 3
119 26 0 1
147 3 0 2
111 22 0 0
137 10 0 1
146 3 0 1
96 16 0 0
143 17 0 2
134 13 0 2
172 16 0 2
90 12 2 3
119 26 0 1
147 3 0 2
111 22 0 0
137 10 0 1
146 3 0 1
96 16 0 0
143 17 0 2
134 13 0 2
172 16 0 2
90 12 2 3
119 26 0 1
147 3 0 2
111 22 0 0
137 10 0 1
146 3 0 1
96 16 0 0
143 17 0 2
134 13 0 2
172 16 0 2
90 12 2 3
119 26 0 1
147 3 0 2
111 22 0 0
137 10 0 1
146 3 0 1
96 16 0 0
143 17 0 2
134 13 0 2
172 16 0 2
90 12 2 3
119 26 0 1
147 3 0 2
111 22 0 0
137 10 0 1
146 3 0 1
96 16 0 0
143 17 0 2
134 13 0 2
172 16 0 2
90 12 2 3
119 26 0 1
147 3 0 2
111 22 0 0
137 10 0 1
146 3 0 1
96 16 0 0
143 17 0 2
134 13 0 2
172 16 0 2
90 12 2 3
119 26 0 1
147 3 0 2
111 22 0 0
137 10 0 1
146 3 0 1
96 16 0 0
143 17 0 2
134 13 0 2
172 16 0 2
90 12 2 3
119 26 0 1
147 3 0 2
111 22 0 0
137 10 0 1
146 3 0 1
96 16 0 0
143 17 0 2
134 13 0 2
172 16 0 2
90 12 2 3
119 26 0 1
147 3 0 2
111 22 0 0
137 10 0 1
146 3 0 1
96 16 0 0
143 17 0 2
134 13 0 2
172 16 0 2
90 12 2 3
119 26 0 1
147 3 0 2
111 22 0 0
137 10 0 1
146 3 0 1