6 5 0 2
15 9 0 2
14 11 4 4
14 5 0 1
21 8 2 4
18 12 0 0
13 10 0 3
14 12 0 4
14 12 1 5
12 7 0 7
6 1 0 0
14 5 0 5
13 7 3 5
16 10 1 2
21 3 5 7
21 16 1 9
18 8 1 5
20 8 1 2
13 3 0 6
16 7 0 2
4 1 1 1
7 5 1 8
11 1 0 6
9 9 1 8
11 7 1 6
11 6 0 1
15 6 0 0
17 7 2 3
20 6 0 8
14 10 2 5
6 8 0 0
14 8 1 4
14 11 5 5
12 11 0 7
13 9 0 5
16 5 2 9
15 9 0 3
12 8 0 7
13 3 2 7
15 8 0 5
5 2 0 2
14 7 0 9
15 8 0 5
16 10 1 5
19 15 2 4
20 13 0 4
22 14 3 10
19 14 1 1
18 9 0 4
20 10 1 8
2 0 0 0
3 1 0 0
7 2 0 3
11 8 3 5
12 8 0 4
11 11 0 6
12 14 1 1
15 3 2 5
15 9 1 5
17 14 0 9
6 3 1 1
14 4 0 4
11 6 1 3
13 12 2 8
12 13 1 11
15 6 3 6
17 11 2 7
17 11 1 3
15 13 0 7
17 9 3 2
9 5 0 3
9 5 1 1
12 12 0 1
19 11 5 9
17 9 4 6
14 12 4 4
17 3 0 0
18 11 0 11
19 15 2 5
16 10 0 6
5 2 0 1
8 5 1 1
14 5 1 8
15 14 0 5
12 12 0 4
13 8 0 1
13 10 2 1
14 7 2 6
14 10 1 10
17 8 0 9
6 7 2 6
11 7 1 4
10 12 0 8
9 8 0 5
11 14 0 4
10 12 2 9
12 8 3 10
19 6 0 8
14 8 0 6
19 10 0 3
6 4 0 1
14 2 0 0
14 2 0 3
13 2 0 2
14 8 0 2
16 6 1 4
17 10 0 0
20 11 0 5
19 7 0 7
20 9 3 6
7 0 0 0
14 11 0 6
16 14 4 3
12 4 1 1
21 16 1 7
22 14 1 9
23 10 4 8
22 15 1 8
21 11 1 3
21 11 1 7
