21 9 0 0
20 4 0 2
13 12 0 0
4 4 0 1
14 6 0 0
12 8 0 3
9 9 0 1
11 4 1 0
13 11 0 0
11 6 0 1
8 6 1 0
13 9 0 0
10 8 0 2
5 6 0 0
17 10 0 0
17 4 0 0
6 4 0 0
15 9 0 0
7 3 0 1
10 10 0 0
12 6 0 0
13 4 1 0
20 8 0 0
11 3 0 0
9 2 0 3
8 3 0 0
14 4 0 0
16 10 1 3
13 4 1 0
13 4 0 4
15 3 0 1
9 1 0 1
9 6 0 1
13 10 3 3
14 3 0 2
20 4 0 0
10 9 0 1
14 11 0 0
12 5 0 0
14 5 1 2
19 9 0 0
8 6 0 1
4 5 0 0
9 2 1 0
5 2 1 0
13 2 0 0
7 5 0 4
11 9 0 0
6 1 0 0
9 9 1 0
10 7 2 1
7 2 1 0
7 2 1 0
12 4 2 1
13 5 1 1
13 3 0 0
8 3 1 2
15 5 2 1
13 4 0 0
4 1 1 0
8 6 0 0
17 8 1 1
12 7 0 0
9 4 0 3
7 5 0 2
5 4 1 0
11 4 1 0
7 5 0 0
10 3 2 0
8 2 1 0
8 2 1 0
11 2 2 0
8 5 1 2
15 2 1 1
16 10 1 1
20 4 1 1
15 5 1 0
7 4 1 3
10 8 2 0
10 7 2 2
14 8 1 2
5 4 1 0
9 1 1 0
12 6 1 0
10 8 1 0
10 7 1 0
9 5 1 3
10 8 2 3
7 7 1 1
7 1 0 0
17 3 0 0
7 3 0 4
8 6 0 1
15 6 2 2
13 10 0 0
7 1 0 0
13 7 1 3
17 9 1 1
24 7 0 0
17 4 0 0
21 9 1 0
35 10 0 2
17 7 0 1
22 12 0 2
18 3 0 0
16 2 0 2
11 9 1 2
16 0 0 1
19 4 0 0
11 4 1 0
7 6 0 0
14 1 0 0
9 2 0 0
17 0 0 0
26 4 0 0
21 6 0 1
12 5 0 1
6 4 0 0
14 3 0 0
9 4 0 0
