40 9 0 0
49 8 1 2
61 11 0 4
64 16 0 2
63 17 0 4
53 9 0 4
48 4 0 5
64 12 0 5
74 14 1 2
50 10 2 2
44 9 0 1
52 12 0 2
54 11 0 2
53 19 0 2
64 14 0 5
61 16 0 4
71 13 0 5
70 18 0 3
51 12 0 5
56 9 0 2
50 14 0 4
55 20 0 3
54 14 0 1
69 12 1 6
68 23 0 9
67 19 1 9
60 12 0 4
64 15 0 5
60 19 0 5
62 24 2 7
47 11 0 2
60 12 0 3
69 13 2 2
63 15 0 5
45 14 2 5
48 17 2 7
50 14 0 5
43 11 0 1
61 13 0 2
52 15 0 2
51 8 1 4
48 15 0 6
65 15 0 3
70 11 0 2
46 18 0 2
48 11 2 6
58 9 0 3
67 15 0 4
73 15 0 3
79 14 2 8
54 9 0 4
75 18 0 7
64 10 0 3
52 9 1 4
57 11 0 5
60 19 0 2
57 11 0 6
58 18 0 4
63 13 0 5
66 18 0 5
48 3 0 2
44 6 0 4
62 14 2 4
69 20 3 8
68 13 4 8
56 15 4 4
54 15 3 5
70 6 1 4
56 13 2 7
56 12 3 6
55 6 1 2
53 8 1 4
56 15 1 10
55 13 0 5
57 14 0 5
59 16 0 4
45 8 0 2
54 19 0 5
55 25 0 3
64 20 0 8
46 8 0 5
54 19 1 4
74 18 1 8
60 17 2 9
56 15 4 5
60 18 1 5
57 18 7 11
62 12 1 5
56 17 0 2
65 11 0 2
51 13 0 4
60 15 0 4
73 17 0 3
94 21 0 4
75 10 1 6
64 23 1 7
62 28 2 7
61 19 1 1
67 21 1 8
59 16 0 10
55 10 0 5
69 7 0 4
80 15 0 5
64 17 0 9
84 17 0 4
69 15 3 2
57 5 1 3
51 18 1 3
58 22 4 4
60 16 0 7
54 11 2 5
50 15 1 2
66 18 0 5
61 15 0 7
60 15 0 3
64 27 3 3
70 29 0 4
71 17 1 5
70 21 0 3
51 17 0 5
