7 0 0 0
8 0 0 0
8 0 0 0
8 0 0 0
12 0 0 0
8 0 0 0
7 4 0 1
8 0 0 0
8 1 0 0
8 0 0 0
7 0 0 0
8 0 0 0
8 0 0 0
8 0 0 0
12 0 0 0
8 0 0 0
7 4 0 1
8 0 0 0
8 1 0 0
8 0 0 0
7 0 0 0
8 0 0 0
8 0 0 0
8 0 0 0
12 0 0 0
8 0 0 0
7 4 0 1
8 0 0 0
8 1 0 0
8 0 0 0
7 0 0 0
8 0 0 0
8 0 0 0
8 0 0 0
12 0 0 0
8 0 0 0
7 4 0 1
8 0 0 0
8 1 0 0
8 0 0 0
7 0 0 0
8 0 0 0
8 0 0 0
8 0 0 0
12 0 0 0
8 0 0 0
7 4 0 1
8 0 0 0
8 1 0 0
8 0 0 0
7 0 0 0
8 0 0 0
8 0 0 0
8 0 0 0
12 0 0 0
8 0 0 0
7 4 0 1
8 0 0 0
8 1 0 0
8 0 0 0
7 0 0 0
8 0 0 0
8 0 0 0
8 0 0 0
12 0 0 0
8 0 0 0
7 4 0 1
8 0 0 0
8 1 0 0
8 0 0 0
7 0 0 0
8 0 0 0
8 0 0 0
8 0 0 0
12 0 0 0
8 0 0 0
7 4 0 1
8 0 0 0
8 1 0 0
8 0 0 0
7 0 0 0
8 0 0 0
8 0 0 0
8 0 0 0
12 0 0 0
8 0 0 0
7 4 0 1
8 0 0 0
8 1 0 0
8 0 0 0
7 0 0 0
8 0 0 0
8 0 0 0
8 0 0 0
12 0 0 0
8 0 0 0
7 4 0 1
8 0 0 0
8 1 0 0
8 0 0 0
7 0 0 0
8 0 0 0
8 0 0 0
8 0 0 0
12 0 0 0
8 0 0 0
7 4 0 1
8 0 0 0
8 1 0 0
8 0 0 0
7 0 0 0
8 0 0 0
8 0 0 0
8 0 0 0
12 0 0 0
8 0 0 0
7 4 0 1
8 0 0 0
8 1 0 0
8 0 0 0